control_mode , commmand_nav , roll         , pitch        , yaw          , altitude     , airspeed     , yaw_nav      , yaw_error    , altitude_nav , roll_L1      , pitch_TECS   , throttle_TECS, aileron_rc   , elevator_rc  , rudder_rc    , throttle_rc  , aileron      , elevator     , rudder       , throttle     , debug1       , debug2       , debug3       , debug4       
10.000000    , 22.000000    , 0.001515     , 0.021647     , -2.705605    , -0.000000    , 0.000690     , 0.435921     , 0.000000     , 0.000000     , 0.000000     , 0.087092     , 0.000000     , -4500.000000 , -4500.000000 , -4500.000000 , 100.000000   , -0.001515    , -0.002165    , -0.000758    , 4.999931     , 0.000000     , -0.001515    , 0.000001     , 49.999310    
10.000000    , 22.000000    , 0.001512     , 0.021642     , -2.705594    , -0.000000    , 0.000677     , -2.705605    , 0.000000     , 0.000000     , 0.000000     , 0.087092     , 0.000000     , -4500.000000 , -4500.000000 , -4500.000000 , 100.000000   , -0.001512    , -0.002164    , -0.000756    , 4.999933     , 0.000000     , -0.001512    , 0.000001     , 49.999325    
10.000000    , 22.000000    , 0.001509     , 0.021636     , -2.705582    , -0.000000    , 0.000657     , -2.705605    , 0.000000     , 0.000000     , 0.000000     , 0.087092     , 0.000000     , -4500.000000 , -4500.000000 , -4500.000000 , 100.000000   , -0.001509    , -0.002164    , -0.000755    , 4.999935     , 0.000000     , -0.001509    , 0.000001     , 49.999344    
10.000000    , 22.000000    , 0.001506     , 0.021630     , -2.705570    , -0.000000    , 0.000622     , -2.705605    , 0.000000     , 0.000000     , 0.000000     , 0.087092     , 0.000000     , -4500.000000 , -4500.000000 , -4500.000000 , 100.000000   , -0.001506    , -0.002163    , -0.000753    , 4.999938     , 0.000000     , -0.001506    , 0.000001     , 49.999378    
10.000000    , 22.000000    , 0.001504     , 0.021627     , -2.705560    , -0.000000    , 0.000570     , -2.705605    , 0.000000     , 0.000000     , 0.000000     , 0.087092     , 0.000000     , -4500.000000 , -4500.000000 , -4500.000000 , 100.000000   , -0.001504    , -0.002163    , -0.000752    , 4.999943     , 0.000000     , -0.001504    , 0.000001     , 49.999428    
10.000000    , 22.000000    , 0.001501     , 0.021623     , -2.705546    , -0.000000    , 0.000461     , -2.705605    , 0.000000     , 0.000000     , 0.000000     , 0.087092     , 0.000000     , -4500.000000 , -4500.000000 , -4500.000000 , 100.000000   , -0.001501    , -0.002162    , -0.000750    , 4.999954     , 0.000000     , -0.001501    , 0.000001     , 49.999538    
10.000000    , 22.000000    , 0.001499     , 0.021623     , -2.705539    , -0.000000    , 0.000408     , -2.705546    , 0.000000     , 0.000000     , 0.000000     , 0.087092     , 0.000000     , -4500.000000 , -4500.000000 , -4500.000000 , 100.000000   , -0.001499    , -0.002162    , -0.000750    , 4.999959     , 0.000000     , -0.001499    , 0.000001     , 49.999592    
10.000000    , 22.000000    , 0.001496     , 0.021636     , -2.705520    , -0.000000    , 0.000363     , -2.705546    , 0.000000     , 0.000000     , 0.000000     , 0.087092     , 0.000000     , -4500.000000 , -4500.000000 , -4500.000000 , 100.000000   , -0.001496    , -0.002164    , -0.000748    , 4.999964     , 0.000000     , -0.001496    , 0.000001     , 49.999638    
10.000000    , 22.000000    , 0.001496     , 0.021636     , -2.705519    , -0.000000    , 0.000363     , -2.705546    , 0.000000     , 0.000000     , 0.000000     , 0.087092     , 0.000000     , -4500.000000 , -4500.000000 , -4500.000000 , 100.000000   , -0.001496    , -0.002164    , -0.000748    , 4.999964     , 0.000000     , -0.001496    , 0.000001     , 49.999638    
10.000000    , 22.000000    , 0.001495     , 0.021667     , -2.705505    , -0.000000    , 0.000651     , -2.705546    , 0.000000     , 0.000000     , 0.000000     , 0.087092     , 0.000000     , -4500.000000 , -4500.000000 , -4500.000000 , 100.000000   , -0.001495    , -0.002167    , -0.000748    , 4.999935     , 0.000000     , -0.001495    , 0.000001     , 49.999348    
10.000000    , 22.000000    , 0.001495     , 0.021668     , -2.705504    , -0.000000    , 0.000651     , -2.705546    , 0.000000     , 0.000000     , 0.000000     , 0.087092     , 0.000000     , -4500.000000 , -4500.000000 , -4500.000000 , 100.000000   , -0.001495    , -0.002167    , -0.000748    , 4.999935     , 0.000000     , -0.001495    , 0.000001     , 49.999348    
10.000000    , 22.000000    , 0.001496     , 0.021711     , -2.705493    , -0.000000    , 0.001106     , -2.705504    , 0.000000     , 0.000000     , 0.000000     , 0.087092     , 0.000000     , -4500.000000 , -4500.000000 , -4500.000000 , 100.000000   , -0.001496    , -0.002171    , -0.000748    , 4.999889     , 0.000000     , -0.001496    , 0.000001     , 49.998894    
10.000000    , 22.000000    , 0.001497     , 0.021749     , -2.705486    , -0.000000    , 0.001388     , -2.705504    , 0.000000     , 0.000000     , 0.000000     , 0.087092     , 0.000000     , -4500.000000 , -4500.000000 , -4500.000000 , 100.000000   , -0.001497    , -0.002175    , -0.000749    , 4.999861     , 0.000000     , -0.001497    , 0.000001     , 49.998611    
10.000000    , 22.000000    , 0.001498     , 0.021771     , -2.705482    , -0.000000    , 0.001505     , -2.705504    , 0.000000     , 0.000000     , 0.000000     , 0.087092     , 0.000000     , -4500.000000 , -4500.000000 , -4500.000000 , 100.000000   , -0.001498    , -0.002177    , -0.000749    , 4.999850     , 0.000000     , -0.001498    , 0.000001     , 49.998497    
10.000000    , 22.000000    , 0.001499     , 0.021794     , -2.705479    , -0.000000    , 0.001631     , -2.705504    , 0.000000     , 0.000000     , 0.000000     , 0.087092     , 0.000000     , -4500.000000 , -4500.000000 , -4500.000000 , 100.000000   , -0.001499    , -0.002179    , -0.000750    , 4.999837     , 0.000000     , -0.001499    , 0.000001     , 49.998367    
10.000000    , 22.000000    , 0.001500     , 0.021819     , -2.705476    , -0.000000    , 0.001738     , -2.705504    , 0.000000     , 0.000000     , 0.000000     , 0.087092     , 0.000000     , -4500.000000 , -4500.000000 , -4500.000000 , 100.000000   , -0.001500    , -0.002182    , -0.000750    , 4.999826     , 0.000000     , -0.001500    , 0.000001     , 49.998260    
10.000000    , 22.000000    , 0.001502     , 0.021847     , -2.705474    , -0.000000    , 0.001823     , -2.705476    , 0.000000     , 0.000000     , 0.000000     , 0.087092     , 0.000000     , -4500.000000 , -4500.000000 , -4500.000000 , 100.000000   , -0.001502    , -0.002185    , -0.000751    , 4.999818     , 0.000000     , -0.001502    , 0.000001     , 49.998177    
10.000000    , 22.000000    , 0.001503     , 0.021866     , -2.705472    , -0.000000    , 0.001863     , -2.705476    , 0.000000     , 0.000000     , 0.000000     , 0.087092     , 0.000000     , -4500.000000 , -4500.000000 , -4500.000000 , 100.000000   , -0.001503    , -0.002187    , -0.000752    , 4.999814     , 0.000000     , -0.001503    , 0.000001     , 49.998138    
10.000000    , 22.000000    , 0.001507     , 0.021907     , -2.705469    , -0.000000    , 0.001908     , -2.705476    , 0.000000     , 0.000000     , 0.000000     , 0.087092     , 0.000000     , -4500.000000 , -4500.000000 , -4500.000000 , 100.000000   , -0.001507    , -0.002191    , -0.000753    , 4.999809     , 0.000000     , -0.001507    , 0.000001     , 49.998093    
10.000000    , 22.000000    , 0.001509     , 0.021931     , -2.705468    , -0.000000    , 0.001906     , -2.705476    , 0.000000     , 0.000000     , 0.000000     , 0.087092     , 0.000000     , -4500.000000 , -4500.000000 , -4500.000000 , 100.000000   , -0.001509    , -0.002193    , -0.000755    , 4.999809     , 0.000000     , -0.001509    , 0.000001     , 49.998093    
10.000000    , 22.000000    , 0.001511     , 0.021952     , -2.705467    , -0.000000    , 0.001887     , -2.705476    , 0.000000     , 0.000000     , 0.000000     , 0.087092     , 0.000000     , -4500.000000 , -4500.000000 , -4500.000000 , 100.000000   , -0.001511    , -0.002195    , -0.000756    , 4.999811     , 0.000000     , -0.001511    , 0.000001     , 49.998112    
10.000000    , 22.000000    , 0.001514     , 0.021983     , -2.705465    , -0.000000    , 0.001843     , -2.705467    , 0.000000     , 0.000000     , 0.000000     , 0.087092     , 0.000000     , -4500.000000 , -4500.000000 , -4500.000000 , 100.000000   , -0.001514    , -0.002198    , -0.000757    , 4.999816     , 0.000000     , -0.001514    , 0.000001     , 49.998158    
10.000000    , 22.000000    , 0.001516     , 0.021999     , -2.705465    , -0.000000    , 0.001811     , -2.705467    , 0.000000     , 0.000000     , 0.000000     , 0.087092     , 0.000000     , -4500.000000 , -4500.000000 , -4500.000000 , 100.000000   , -0.001516    , -0.002200    , -0.000758    , 4.999819     , 0.000000     , -0.001516    , 0.000001     , 49.998188    
10.000000    , 22.000000    , 0.001517     , 0.022018     , -2.705464    , -0.000000    , 0.001779     , -2.705467    , 0.000000     , 0.000000     , 0.000000     , 0.087092     , 0.000000     , -4500.000000 , -4500.000000 , -4500.000000 , 100.000000   , -0.001517    , -0.002202    , -0.000759    , 4.999822     , 0.000000     , -0.001517    , 0.000001     , 49.998222    
10.000000    , 22.000000    , 0.001520     , 0.022043     , -2.705463    , -0.000000    , 0.001686     , -2.705467    , 0.000000     , 0.000000     , 0.000000     , 0.087092     , 0.000000     , -4500.000000 , -4500.000000 , -4500.000000 , 100.000000   , -0.001520    , -0.002204    , -0.000760    , 4.999832     , 0.000000     , -0.001520    , 0.000001     , 49.998314    
10.000000    , 22.000000    , 0.001521     , 0.022057     , -2.705463    , -0.000000    , 0.001630     , -2.705467    , 0.000000     , 0.000000     , 0.000000     , 0.087092     , 0.000000     , -4500.000000 , -4500.000000 , -4500.000000 , 100.000000   , -0.001521    , -0.002206    , -0.000760    , 4.999837     , 0.000000     , -0.001521    , 0.000001     , 49.998371    
10.000000    , 22.000000    , 0.001522     , 0.022073     , -2.705463    , -0.000000    , 0.001559     , -2.705463    , 0.000000     , 0.000000     , 0.000000     , 0.087092     , 0.000000     , -4500.000000 , -4500.000000 , -4500.000000 , 100.000000   , -0.001522    , -0.002207    , -0.000761    , 4.999844     , 0.000000     , -0.001522    , 0.000001     , 49.998440    
10.000000    , 22.000000    , 0.001523     , 0.022090     , -2.705463    , -0.000000    , 0.001485     , -2.705463    , 0.000000     , 0.000000     , 0.000000     , 0.087092     , 0.000000     , -4500.000000 , -4500.000000 , -4500.000000 , 100.000000   , -0.001523    , -0.002209    , -0.000762    , 4.999852     , 0.000000     , -0.001523    , 0.000001     , 49.998516    
10.000000    , 22.000000    , 0.001524     , 0.022104     , -2.705463    , -0.010000    , 0.001403     , -2.705463    , 0.000000     , 0.000000     , 0.000000     , 0.087092     , 0.000000     , -4500.000000 , -4500.000000 , -4500.000000 , 100.000000   , -0.001524    , 0.000790     , -0.000762    , 4.999860     , 0.000000     , -0.001524    , 0.030001     , 49.998596    
10.000000    , 22.000000    , 0.001525     , 0.022119     , -2.705463    , -0.010000    , 0.001305     , -2.705463    , 0.000000     , 0.000000     , 0.000000     , 0.087092     , 0.000000     , -4500.000000 , -4500.000000 , -4500.000000 , 100.000000   , -0.001525    , 0.000788     , -0.000763    , 4.999870     , 0.000000     , -0.001525    , 0.030001     , 49.998695    
10.000000    , 22.000000    , 0.001526     , 0.022138     , -2.705463    , -0.010000    , 0.001117     , -2.705463    , 0.000000     , 0.000000     , 0.000000     , 0.087092     , 0.000000     , -4500.000000 , -4500.000000 , -4500.000000 , 100.000000   , -0.001526    , 0.000786     , -0.000763    , 4.999888     , 0.000000     , -0.001526    , 0.030001     , 49.998882    
10.000000    , 22.000000    , 0.001526     , 0.022150     , -2.705463    , -0.010000    , 0.000994     , -2.705463    , 0.000000     , 0.000000     , 0.000000     , 0.087092     , 0.000000     , -4500.000000 , -4500.000000 , -4500.000000 , 100.000000   , -0.001526    , 0.000785     , -0.000763    , 4.999900     , 0.000000     , -0.001526    , 0.030001     , 49.999004    
10.000000    , 22.000000    , 0.001526     , 0.022159     , -2.705463    , -0.010000    , 0.000879     , -2.705463    , 0.000000     , 0.000000     , 0.000000     , 0.087092     , 0.000000     , -4500.000000 , -4500.000000 , -4500.000000 , 100.000000   , -0.001526    , 0.000784     , -0.000763    , 4.999912     , 0.000000     , -0.001526    , 0.030001     , 49.999119    
10.000000    , 22.000000    , 0.001526     , 0.022171     , -2.705463    , -0.010000    , 0.000707     , -2.705463    , 0.000000     , 0.000000     , 0.000000     , 0.087092     , 0.000000     , -4500.000000 , -4500.000000 , -4500.000000 , 100.000000   , -0.001526    , 0.000783     , -0.000763    , 4.999929     , 0.000000     , -0.001526    , 0.030001     , 49.999294    
10.000000    , 22.000000    , 0.001526     , 0.022175     , -2.705463    , -0.010000    , 0.000618     , -2.705463    , 0.000000     , 0.000000     , 0.000000     , 0.087092     , 0.000000     , -4500.000000 , -4500.000000 , -4500.000000 , 100.000000   , -0.001526    , 0.000783     , -0.000763    , 4.999938     , 0.000000     , -0.001526    , 0.030001     , 49.999382    
10.000000    , 22.000000    , 0.001525     , 0.022183     , -2.705462    , -0.010000    , 0.000413     , -2.705463    , 0.000000     , 0.000000     , 0.000000     , 0.087092     , 0.000000     , -4500.000000 , -4500.000000 , -4500.000000 , 100.000000   , -0.001525    , 0.000782     , -0.000763    , 4.999959     , 0.000000     , -0.001525    , 0.030001     , 49.999588    
10.000000    , 22.000000    , 0.001525     , 0.022186     , -2.705461    , -0.010000    , 0.000293     , -2.705462    , 0.000000     , 0.000000     , 0.000000     , 0.087092     , 0.000000     , -4500.000000 , -4500.000000 , -4500.000000 , 100.000000   , -0.001525    , 0.000781     , -0.000762    , 4.999971     , 0.000000     , -0.001525    , 0.030001     , 49.999706    
10.000000    , 22.000000    , 0.001524     , 0.022189     , -2.705461    , -0.010000    , 0.000210     , -2.705462    , 0.000000     , 0.000000     , 0.000000     , 0.087092     , 0.000000     , -4500.000000 , -4500.000000 , -4500.000000 , 100.000000   , -0.001524    , 0.000781     , -0.000762    , 4.999979     , 0.000000     , -0.001524    , 0.030001     , 49.999790    
10.000000    , 22.000000    , 0.001523     , 0.022189     , -2.705460    , -0.010000    , 0.000094     , -2.705462    , 0.000000     , 0.000000     , 0.000000     , 0.087092     , 0.000000     , -4500.000000 , -4500.000000 , -4500.000000 , 100.000000   , -0.001523    , 0.000781     , -0.000762    , 4.999990     , 0.000000     , -0.001523    , 0.030001     , 49.999905    
10.000000    , 22.000000    , 0.001523     , 0.022189     , -2.705460    , -0.010000    , 0.000080     , -2.705462    , 0.000000     , 0.000000     , 0.000000     , 0.087092     , 0.000000     , -4500.000000 , -4500.000000 , -4500.000000 , 100.000000   , -0.001523    , 0.000781     , -0.000761    , 4.999992     , 0.000000     , -0.001523    , 0.030001     , 49.999920    
10.000000    , 22.000000    , 0.001522     , 0.022185     , -2.705459    , -0.010000    , 0.000172     , -2.705462    , 0.000000     , 0.000000     , 0.000000     , 0.087092     , 0.000000     , -4500.000000 , -4500.000000 , -4500.000000 , 100.000000   , -0.001522    , 0.000782     , -0.000761    , 4.999983     , 0.000000     , -0.001522    , 0.030001     , 49.999828    
10.000000    , 22.000000    , 0.001521     , 0.022183     , -2.705459    , -0.010000    , 0.000226     , -2.705459    , 0.000000     , 0.000000     , 0.000000     , 0.087092     , 0.000000     , -4500.000000 , -4500.000000 , -4500.000000 , 100.000000   , -0.001521    , 0.000782     , -0.000761    , 4.999978     , 0.000000     , -0.001521    , 0.030001     , 49.999775    
10.000000    , 22.000000    , 0.001521     , 0.022178     , -2.705459    , -0.010000    , 0.000286     , -2.705459    , 0.000000     , 0.000000     , 0.000000     , 0.087092     , 0.000000     , -4500.000000 , -4500.000000 , -4500.000000 , 100.000000   , -0.001521    , 0.000782     , -0.000760    , 4.999971     , 0.000000     , -0.001521    , 0.030001     , 49.999714    
10.000000    , 22.000000    , 0.001520     , 0.022171     , -2.705459    , -0.010000    , 0.000360     , -2.705459    , 0.000000     , 0.000000     , 0.000000     , 0.087092     , 0.000000     , -4500.000000 , -4500.000000 , -4500.000000 , 100.000000   , -0.001520    , 0.000783     , -0.000760    , 4.999964     , 0.000000     , -0.001520    , 0.030001     , 49.999641    
10.000000    , 22.000000    , 0.001520     , 0.022164     , -2.705459    , -0.010000    , 0.000431     , -2.705459    , 0.000000     , 0.000000     , 0.000000     , 0.087092     , 0.000000     , -4500.000000 , -4500.000000 , -4500.000000 , 100.000000   , -0.001520    , 0.000784     , -0.000760    , 4.999957     , 0.000000     , -0.001520    , 0.030001     , 49.999569    
10.000000    , 22.000000    , 0.001520     , 0.022163     , -2.705459    , -0.010000    , 0.000431     , -2.705459    , 0.000000     , 0.000000     , 0.000000     , 0.087092     , 0.000000     , -4500.000000 , -4500.000000 , -4500.000000 , 100.000000   , -0.001520    , 0.000784     , -0.000760    , 4.999957     , 0.000000     , -0.001520    , 0.030001     , 49.999569    
10.000000    , 22.000000    , 0.001520     , 0.022156     , -2.705460    , -0.010000    , 0.000489     , -2.705459    , 0.000000     , 0.000000     , 0.000000     , 0.087092     , 0.000000     , -4500.000000 , -4500.000000 , -4500.000000 , 100.000000   , -0.001520    , 0.000784     , -0.000760    , 4.999951     , 0.000000     , -0.001520    , 0.030001     , 49.999512    
10.000000    , 22.000000    , 0.001519     , 0.022149     , -2.705460    , -0.010000    , 0.000539     , -2.705459    , 0.000000     , 0.000000     , 0.000000     , 0.087092     , 0.000000     , -4500.000000 , -4500.000000 , -4500.000000 , 100.000000   , -0.001519    , 0.000785     , -0.000760    , 4.999946     , 0.000000     , -0.001519    , 0.030001     , 49.999462    
10.000000    , 22.000000    , 0.001519     , 0.022141     , -2.705461    , -0.010000    , 0.000578     , -2.705459    , 0.000000     , 0.000000     , 0.000000     , 0.087092     , 0.000000     , -4500.000000 , -4500.000000 , -4500.000000 , 100.000000   , -0.001519    , 0.000786     , -0.000760    , 4.999942     , 0.000000     , -0.001519    , 0.030001     , 49.999424    
10.000000    , 22.000000    , 0.001519     , 0.022132     , -2.705462    , -0.010000    , 0.000623     , -2.705459    , 0.000000     , 0.000000     , 0.000000     , 0.087092     , 0.000000     , -4500.000000 , -4500.000000 , -4500.000000 , 100.000000   , -0.001519    , 0.000787     , -0.000759    , 4.999938     , 0.000000     , -0.001519    , 0.030001     , 49.999378    
10.000000    , 22.000000    , 0.001519     , 0.022122     , -2.705463    , -0.010000    , 0.000660     , -2.705459    , 0.000000     , 0.000000     , 0.000000     , 0.087092     , 0.000000     , -4500.000000 , -4500.000000 , -4500.000000 , 100.000000   , -0.001519    , 0.000788     , -0.000759    , 4.999934     , 0.000000     , -0.001519    , 0.030001     , 49.999340    
10.000000    , 22.000000    , 0.001518     , 0.022110     , -2.705465    , -0.010000    , 0.000691     , -2.705463    , 0.000000     , 0.000000     , 0.000000     , 0.087092     , 0.000000     , -4500.000000 , -4500.000000 , -4500.000000 , 100.000000   , -0.001518    , 0.000789     , -0.000759    , 4.999931     , 0.000000     , -0.001518    , 0.030001     , 49.999310    
10.000000    , 22.000000    , 0.001518     , 0.022100     , -2.705467    , -0.010000    , 0.000710     , -2.705463    , 0.000000     , 0.000000     , 0.000000     , 0.087092     , 0.000000     , -4500.000000 , -4500.000000 , -4500.000000 , 100.000000   , -0.001518    , 0.000790     , -0.000759    , 4.999929     , 0.000000     , -0.001518    , 0.030001     , 49.999290    
10.000000    , 22.000000    , 0.001518     , 0.022092     , -2.705467    , -0.010000    , 0.000719     , -2.705463    , 0.000000     , 0.000000     , 0.000000     , 0.087092     , 0.000000     , -4500.000000 , -4500.000000 , -4500.000000 , 100.000000   , -0.001518    , 0.000791     , -0.000759    , 4.999928     , 0.000000     , -0.001518    , 0.030001     , 49.999283    
10.000000    , 22.000000    , 0.001518     , 0.022082     , -2.705469    , -0.010000    , 0.000724     , -2.705463    , 0.000000     , 0.000000     , 0.000000     , 0.087092     , 0.000000     , -4500.000000 , -4500.000000 , -4500.000000 , 100.000000   , -0.001518    , 0.000792     , -0.000759    , 4.999928     , 0.000000     , -0.001518    , 0.030001     , 49.999275    
10.000000    , 22.000000    , 0.001518     , 0.022073     , -2.705471    , -0.010000    , 0.000723     , -2.705463    , 0.000000     , 0.000000     , 0.000000     , 0.087092     , 0.000000     , -4500.000000 , -4500.000000 , -4500.000000 , 100.000000   , -0.001518    , 0.000793     , -0.000759    , 4.999928     , 0.000000     , -0.001518    , 0.030001     , 49.999275    
10.000000    , 22.000000    , 0.001518     , 0.022066     , -2.705472    , -0.010000    , 0.000716     , -2.705471    , 0.000000     , 0.000000     , 0.000000     , 0.087092     , 0.000000     , -4500.000000 , -4500.000000 , -4500.000000 , 100.000000   , -0.001518    , 0.000793     , -0.000759    , 4.999928     , 0.000000     , -0.001518    , 0.030001     , 49.999283    
10.000000    , 22.000000    , 0.001518     , 0.022056     , -2.705473    , -0.010000    , 0.000696     , -2.705471    , 0.000000     , 0.000000     , 0.000000     , 0.087092     , 0.000000     , -4500.000000 , -4500.000000 , -4500.000000 , 100.000000   , -0.001518    , 0.000794     , -0.000759    , 4.999930     , 0.000000     , -0.001518    , 0.030001     , 49.999302    
10.000000    , 22.000000    , 0.001518     , 0.022050     , -2.705474    , -0.010000    , 0.000678     , -2.705471    , 0.000000     , 0.000000     , 0.000000     , 0.087092     , 0.000000     , -4500.000000 , -4500.000000 , -4500.000000 , 100.000000   , -0.001518    , 0.000795     , -0.000759    , 4.999932     , 0.000000     , -0.001518    , 0.030001     , 49.999321    
10.000000    , 22.000000    , 0.001517     , 0.022042     , -2.705474    , -0.010000    , 0.000653     , -2.705471    , 0.000000     , 0.000000     , 0.000000     , 0.087092     , 0.000000     , -4500.000000 , -4500.000000 , -4500.000000 , 100.000000   , -0.001517    , 0.000796     , -0.000759    , 4.999935     , 0.000000     , -0.001517    , 0.030001     , 49.999348    
10.000000    , 22.000000    , 0.001517     , 0.022034     , -2.705476    , -0.010000    , 0.000619     , -2.705471    , 0.000000     , 0.000000     , 0.000000     , 0.087092     , 0.000000     , -4500.000000 , -4500.000000 , -4500.000000 , 100.000000   , -0.001517    , 0.000797     , -0.000758    , 4.999938     , 0.000000     , -0.001517    , 0.030001     , 49.999382    
10.000000    , 22.000000    , 0.001516     , 0.022024     , -2.705477    , -0.010000    , 0.000555     , -2.705476    , 0.000000     , 0.000000     , 0.000000     , 0.087092     , 0.000000     , -4500.000000 , -4500.000000 , -4500.000000 , 100.000000   , -0.001516    , 0.000798     , -0.000758    , 4.999945     , 0.000000     , -0.001516    , 0.030001     , 49.999447    
10.000000    , 22.000000    , 0.001516     , 0.022018     , -2.705477    , -0.010000    , 0.000522     , -2.705476    , 0.000000     , 0.000000     , 0.000000     , 0.087092     , 0.000000     , -4500.000000 , -4500.000000 , -4500.000000 , 100.000000   , -0.001516    , 0.000798     , -0.000758    , 4.999948     , 0.000000     , -0.001516    , 0.030001     , 49.999477    
10.000000    , 22.000000    , 0.001516     , 0.022012     , -2.705477    , -0.010000    , 0.000489     , -2.705476    , 0.000000     , 0.000000     , 0.000000     , 0.087092     , 0.000000     , -4500.000000 , -4500.000000 , -4500.000000 , 100.000000   , -0.001516    , 0.000799     , -0.000758    , 4.999951     , 0.000000     , -0.001516    , 0.030001     , 49.999512    
10.000000    , 22.000000    , 0.001515     , 0.022004     , -2.705478    , -0.010000    , 0.000436     , -2.705476    , 0.000000     , 0.000000     , 0.000000     , 0.087092     , 0.000000     , -4500.000000 , -4500.000000 , -4500.000000 , 100.000000   , -0.001515    , 0.000800     , -0.000758    , 4.999957     , 0.000000     , -0.001515    , 0.030001     , 49.999565    
10.000000    , 22.000000    , 0.001515     , 0.021999     , -2.705478    , -0.010000    , 0.000407     , -2.705476    , 0.000000     , 0.000000     , 0.000000     , 0.087092     , 0.000000     , -4500.000000 , -4500.000000 , -4500.000000 , 100.000000   , -0.001515    , 0.000800     , -0.000757    , 4.999959     , 0.000000     , -0.001515    , 0.030001     , 49.999592    
10.000000    , 22.000000    , 0.001514     , 0.021995     , -2.705478    , 0.010000     , 0.000381     , -2.705478    , 0.000000     , 0.000000     , 0.000000     , 0.087092     , 0.000000     , -4500.000000 , -4500.000000 , -4500.000000 , 100.000000   , -0.001514    , -0.005199    , -0.000757    , 4.999962     , 0.000000     , -0.001514    , -0.029999    , 49.999619    
10.000000    , 22.000000    , 0.001514     , 0.021990     , -2.705478    , 0.010000     , 0.000324     , -2.705478    , 0.000000     , 0.000000     , 0.000000     , 0.087092     , 0.000000     , -4500.000000 , -4500.000000 , -4500.000000 , 100.000000   , -0.001514    , -0.005199    , -0.000757    , 4.999968     , 0.000000     , -0.001514    , -0.029999    , 49.999676    
10.000000    , 22.000000    , 0.001513     , 0.021987     , -2.705478    , 0.010000     , 0.000289     , -2.705478    , 0.000000     , 0.000000     , 0.000000     , 0.087092     , 0.000000     , -4500.000000 , -4500.000000 , -4500.000000 , 100.000000   , -0.001513    , -0.005199    , -0.000757    , 4.999971     , 0.000000     , -0.001513    , -0.029999    , 49.999710    
10.000000    , 22.000000    , 0.001513     , 0.021984     , -2.705478    , 0.010000     , 0.000248     , -2.705478    , 0.000000     , 0.000000     , 0.000000     , 0.087092     , 0.000000     , -4500.000000 , -4500.000000 , -4500.000000 , 100.000000   , -0.001513    , -0.005198    , -0.000756    , 4.999975     , 0.000000     , -0.001513    , -0.029999    , 49.999752    
10.000000    , 22.000000    , 0.001512     , 0.021982     , -2.705478    , 0.010000     , 0.000212     , -2.705478    , 0.000000     , 0.000000     , 0.000000     , 0.087092     , 0.000000     , -4500.000000 , -4500.000000 , -4500.000000 , 100.000000   , -0.001512    , -0.005198    , -0.000756    , 4.999979     , 0.000000     , -0.001512    , -0.029999    , 49.999786    
10.000000    , 22.000000    , 0.001511     , 0.021979     , -2.705477    , 0.010000     , 0.000135     , -2.705478    , 0.000000     , 0.000000     , 0.000000     , 0.087092     , 0.000000     , -4500.000000 , -4500.000000 , -4500.000000 , 100.000000   , -0.001511    , -0.005198    , -0.000756    , 4.999987     , 0.000000     , -0.001511    , -0.029999    , 49.999866    
10.000000    , 22.000000    , 0.001511     , 0.021979     , -2.705477    , 0.010000     , 0.000103     , -2.705478    , 0.000000     , 0.000000     , 0.000000     , 0.087092     , 0.000000     , -4500.000000 , -4500.000000 , -4500.000000 , 100.000000   , -0.001511    , -0.005198    , -0.000756    , 4.999990     , 0.000000     , -0.001511    , -0.029999    , 49.999897    
10.000000    , 22.000000    , 0.001511     , 0.021978     , -2.705476    , 0.010000     , 0.000074     , -2.705478    , 0.000000     , 0.000000     , 0.000000     , 0.087092     , 0.000000     , -4500.000000 , -4500.000000 , -4500.000000 , 100.000000   , -0.001511    , -0.005198    , -0.000755    , 4.999993     , 0.000000     , -0.001511    , -0.029999    , 49.999928    
10.000000    , 22.000000    , 0.001509     , 0.021976     , -2.705474    , 0.010000     , 0.000128     , -2.705478    , 0.000000     , 0.000000     , 0.000000     , 0.087092     , 0.000000     , -4500.000000 , -4500.000000 , -4500.000000 , 100.000000   , -0.001509    , -0.005198    , -0.000754    , 4.999987     , 0.000000     , -0.001509    , -0.029999    , 49.999870    
10.000000    , 22.000000    , 0.001508     , 0.021976     , -2.705474    , 0.010000     , 0.000128     , -2.705478    , 0.000000     , 0.000000     , 0.000000     , 0.087092     , 0.000000     , -4500.000000 , -4500.000000 , -4500.000000 , 100.000000   , -0.001508    , -0.005198    , -0.000754    , 4.999987     , 0.000000     , -0.001508    , -0.029999    , 49.999870    
10.000000    , 22.000000    , 0.001507     , 0.021974     , -2.705472    , 0.010000     , 0.000137     , -2.705474    , 0.000000     , 0.000000     , 0.000000     , 0.087092     , 0.000000     , -4500.000000 , -4500.000000 , -4500.000000 , 100.000000   , -0.001507    , -0.005197    , -0.000754    , 4.999986     , 0.000000     , -0.001507    , -0.029999    , 49.999863    
10.000000    , 22.000000    , 0.001506     , 0.021971     , -2.705471    , 0.010000     , 0.000145     , -2.705474    , 0.000000     , 0.000000     , 0.000000     , 0.087092     , 0.000000     , -4500.000000 , -4500.000000 , -4500.000000 , 100.000000   , -0.001506    , -0.005197    , -0.000753    , 4.999986     , 0.000000     , -0.001506    , -0.029999    , 49.999855    
10.000000    , 22.000000    , 0.001504     , 0.021968     , -2.705469    , 0.010000     , 0.000155     , -2.705474    , 0.000000     , 0.000000     , 0.000000     , 0.087092     , 0.000000     , -4500.000000 , -4500.000000 , -4500.000000 , 100.000000   , -0.001504    , -0.005197    , -0.000752    , 4.999984     , 0.000000     , -0.001504    , -0.029999    , 49.999844    
10.000000    , 22.000000    , 0.001503     , 0.021966     , -2.705467    , 0.010000     , 0.000160     , -2.705474    , 0.000000     , 0.000000     , 0.000000     , 0.087092     , 0.000000     , -4500.000000 , -4500.000000 , -4500.000000 , 100.000000   , -0.001503    , -0.005197    , -0.000752    , 4.999984     , 0.000000     , -0.001503    , -0.029999    , 49.999840    
10.000000    , 22.000000    , 0.001502     , 0.021964     , -2.705466    , 0.010000     , 0.000165     , -2.705474    , 0.000000     , 0.000000     , 0.000000     , 0.087092     , 0.000000     , -4500.000000 , -4500.000000 , -4500.000000 , 100.000000   , -0.001502    , -0.005196    , -0.000751    , 4.999984     , 0.000000     , -0.001502    , -0.029999    , 49.999836    
10.000000    , 22.000000    , 0.001501     , 0.021962     , -2.705465    , 0.010000     , 0.000171     , -2.705466    , 0.000000     , 0.000000     , 0.000000     , 0.087092     , 0.000000     , -4500.000000 , -4500.000000 , -4500.000000 , 100.000000   , -0.001501    , -0.005196    , -0.000751    , 4.999983     , 0.000000     , -0.001501    , -0.029999    , 49.999828    
10.000000    , 22.000000    , 0.001501     , 0.021961     , -2.705462    , 0.010000     , 0.000189     , -2.705466    , 0.000000     , 0.000000     , 0.000000     , 0.087092     , 0.000000     , -4500.000000 , -4500.000000 , -4500.000000 , 100.000000   , -0.001501    , -0.005196    , -0.000750    , 4.999981     , 0.000000     , -0.001501    , -0.029999    , 49.999809    
10.000000    , 22.000000    , 0.001501     , 0.021960     , -2.705460    , 0.010000     , 0.000171     , -2.705466    , 0.000000     , 0.000000     , 0.000000     , 0.087092     , 0.000000     , -4500.000000 , -4500.000000 , -4500.000000 , 100.000000   , -0.001501    , -0.005196    , -0.000750    , 4.999983     , 0.000000     , -0.001501    , -0.029999    , 49.999828    
10.000000    , 22.000000    , 0.001500     , 0.021961     , -2.705458    , 0.010000     , 0.000153     , -2.705466    , 0.000000     , 0.000000     , 0.000000     , 0.087092     , 0.000000     , -4500.000000 , -4500.000000 , -4500.000000 , 100.000000   , -0.001500    , -0.005196    , -0.000750    , 4.999985     , 0.000000     , -0.001500    , -0.029999    , 49.999847    
10.000000    , 22.000000    , 0.001500     , 0.021961     , -2.705456    , 0.010000     , 0.000140     , -2.705466    , 0.000000     , 0.000000     , 0.000000     , 0.087092     , 0.000000     , -4500.000000 , -4500.000000 , -4500.000000 , 100.000000   , -0.001500    , -0.005196    , -0.000750    , 4.999986     , 0.000000     , -0.001500    , -0.029999    , 49.999859    
10.000000    , 22.000000    , 0.001500     , 0.021962     , -2.705455    , 0.010000     , 0.000126     , -2.705456    , 0.000000     , 0.000000     , 0.000000     , 0.087092     , 0.000000     , -4500.000000 , -4500.000000 , -4500.000000 , 100.000000   , -0.001500    , -0.005196    , -0.000750    , 4.999988     , 0.000000     , -0.001500    , -0.029999    , 49.999874    
10.000000    , 22.000000    , 0.001500     , 0.021962     , -2.705455    , 0.010000     , 0.000126     , -2.705456    , 0.000000     , 0.000000     , 0.000000     , 0.087092     , 0.000000     , -4500.000000 , -4500.000000 , -4500.000000 , 100.000000   , -0.001500    , -0.005196    , -0.000750    , 4.999988     , 0.000000     , -0.001500    , -0.029999    , 49.999874    
10.000000    , 22.000000    , 0.001500     , 0.021962     , -2.705452    , 0.010000     , 0.000092     , -2.705456    , 0.000000     , 0.000000     , 0.000000     , 0.087092     , 0.000000     , -4500.000000 , -4500.000000 , -4500.000000 , 100.000000   , -0.001500    , -0.005196    , -0.000750    , 4.999991     , 0.000000     , -0.001500    , -0.029999    , 49.999908    
10.000000    , 22.000000    , 0.001500     , 0.021962     , -2.705451    , 0.010000     , 0.000086     , -2.705456    , 0.000000     , 0.000000     , 0.000000     , 0.087092     , 0.000000     , -4500.000000 , -4500.000000 , -4500.000000 , 100.000000   , -0.001500    , -0.005196    , -0.000750    , 4.999991     , 0.000000     , -0.001500    , -0.029999    , 49.999912    
10.000000    , 22.000000    , 0.001500     , 0.021962     , -2.705450    , 0.010000     , 0.000080     , -2.705456    , 0.000000     , 0.000000     , 0.000000     , 0.087092     , 0.000000     , -4500.000000 , -4500.000000 , -4500.000000 , 100.000000   , -0.001500    , -0.005196    , -0.000750    , 4.999992     , 0.000000     , -0.001500    , -0.029999    , 49.999920    
10.000000    , 22.000000    , 0.001500     , 0.021962     , -2.705449    , 0.010000     , 0.000070     , -2.705450    , 0.000000     , 0.000000     , 0.000000     , 0.087092     , 0.000000     , -4500.000000 , -4500.000000 , -4500.000000 , 100.000000   , -0.001500    , -0.005196    , -0.000750    , 4.999993     , 0.000000     , -0.001500    , -0.029999    , 49.999931    
10.000000    , 22.000000    , 0.001500     , 0.021962     , -2.705449    , 0.010000     , 0.000069     , -2.705450    , 0.000000     , 0.000000     , 0.000000     , 0.087092     , 0.000000     , -4500.000000 , -4500.000000 , -4500.000000 , 100.000000   , -0.001500    , -0.005196    , -0.000750    , 4.999993     , 0.000000     , -0.001500    , -0.029999    , 49.999931    
10.000000    , 22.000000    , 0.001500     , 0.021962     , -2.705448    , 0.010000     , 0.000069     , -2.705450    , 0.000000     , 0.000000     , 0.000000     , 0.087092     , 0.000000     , -4500.000000 , -4500.000000 , -4500.000000 , 100.000000   , -0.001500    , -0.005196    , -0.000750    , 4.999993     , 0.000000     , -0.001500    , -0.029999    , 49.999931    
10.000000    , 22.000000    , 0.001501     , 0.021962     , -2.705448    , 0.010000     , 0.000071     , -2.705450    , 0.000000     , 0.000000     , 0.000000     , 0.087092     , 0.000000     , -4500.000000 , -4500.000000 , -4500.000000 , 100.000000   , -0.001501    , -0.005196    , -0.000750    , 4.999993     , 0.000000     , -0.001501    , -0.029999    , 49.999928    
10.000000    , 22.000000    , 0.001501     , 0.021961     , -2.705448    , 0.010000     , 0.000078     , -2.705450    , 0.000000     , 0.000000     , 0.000000     , 0.087092     , 0.000000     , -4500.000000 , -4500.000000 , -4500.000000 , 100.000000   , -0.001501    , -0.005196    , -0.000751    , 4.999992     , 0.000000     , -0.001501    , -0.029999    , 49.999924    
10.000000    , 22.000000    , 0.001501     , 0.021961     , -2.705449    , 0.010000     , 0.000081     , -2.705448    , 0.000000     , 0.000000     , 0.000000     , 0.087092     , 0.000000     , -4500.000000 , -4500.000000 , -4500.000000 , 100.000000   , -0.001501    , -0.005196    , -0.000751    , 4.999992     , 0.000000     , -0.001501    , -0.029999    , 49.999920    
10.000000    , 22.000000    , 0.001502     , 0.021962     , -2.705449    , 0.010000     , 0.000082     , -2.705448    , 0.000000     , 0.000000     , 0.000000     , 0.087092     , 0.000000     , -4500.000000 , -4500.000000 , -4500.000000 , 100.000000   , -0.001502    , -0.005196    , -0.000751    , 4.999992     , 0.000000     , -0.001502    , -0.029999    , 49.999916    
10.000000    , 22.000000    , 0.001502     , 0.021962     , -2.705450    , 0.010000     , 0.000080     , -2.705448    , 0.000000     , 0.000000     , 0.000000     , 0.087092     , 0.000000     , -4500.000000 , -4500.000000 , -4500.000000 , 100.000000   , -0.001502    , -0.005196    , -0.000751    , 4.999992     , 0.000000     , -0.001502    , -0.029999    , 49.999920    
10.000000    , 22.000000    , 0.001502     , 0.021962     , -2.705451    , 0.010000     , 0.000074     , -2.705448    , 0.000000     , 0.000000     , 0.000000     , 0.087092     , 0.000000     , -4500.000000 , -4500.000000 , -4500.000000 , 100.000000   , -0.001502    , -0.005196    , -0.000751    , 4.999993     , 0.000000     , -0.001502    , -0.029999    , 49.999928    
10.000000    , 22.000000    , 0.001503     , 0.021962     , -2.705451    , 0.010000     , 0.000074     , -2.705448    , 0.000000     , 0.000000     , 0.000000     , 0.087092     , 0.000000     , -4500.000000 , -4500.000000 , -4500.000000 , 100.000000   , -0.001503    , -0.005196    , -0.000751    , 4.999993     , 0.000000     , -0.001503    , -0.029999    , 49.999928    
10.000000    , 22.000000    , 0.001503     , 0.021962     , -2.705453    , 0.010000     , 0.000061     , -2.705451    , 0.000000     , 0.000000     , 0.000000     , 0.087092     , 0.000000     , -4500.000000 , -4500.000000 , -4500.000000 , 100.000000   , -0.001503    , -0.005196    , -0.000752    , 4.999994     , 0.000000     , -0.001503    , -0.029999    , 49.999939    
10.000000    , 22.000000    , 0.001504     , 0.021962     , -2.705455    , 0.010000     , 0.000077     , -2.705451    , 0.000000     , 0.000000     , 0.000000     , 0.087092     , 0.000000     , -4500.000000 , -4500.000000 , -4500.000000 , 100.000000   , -0.001504    , -0.005196    , -0.000752    , 4.999992     , 0.000000     , -0.001504    , -0.029999    , 49.999924    
10.000000    , 22.000000    , 0.001504     , 0.021962     , -2.705455    , 0.010000     , 0.000077     , -2.705451    , 0.000000     , 0.000000     , 0.000000     , 0.087092     , 0.000000     , -4500.000000 , -4500.000000 , -4500.000000 , 100.000000   , -0.001504    , -0.005196    , -0.000752    , 4.999992     , 0.000000     , -0.001504    , -0.029999    , 49.999924    
10.000000    , 22.000000    , 0.001505     , 0.021963     , -2.705457    , 0.010000     , 0.000108     , -2.705451    , 0.000000     , 0.000000     , 0.000000     , 0.087092     , 0.000000     , -4500.000000 , -4500.000000 , -4500.000000 , 100.000000   , -0.001505    , -0.005196    , -0.000752    , 4.999990     , 0.000000     , -0.001505    , -0.029999    , 49.999893    
10.000000    , 22.000000    , 0.001505     , 0.021963     , -2.705458    , 0.010000     , 0.000108     , -2.705451    , 0.000000     , 0.000000     , 0.000000     , 0.087092     , 0.000000     , -4500.000000 , -4500.000000 , -4500.000000 , 100.000000   , -0.001505    , -0.005196    , -0.000753    , 4.999990     , 0.000000     , -0.001505    , -0.029999    , 49.999893    
10.000000    , 22.000000    , 0.001506     , 0.021965     , -2.705460    , 0.010000     , 0.000112     , -2.705458    , 0.000000     , 0.000000     , 0.000000     , 0.087092     , 0.000000     , -4500.000000 , -4500.000000 , -4500.000000 , 100.000000   , -0.001506    , -0.005196    , -0.000753    , 4.999989     , 0.000000     , -0.001506    , -0.029999    , 49.999889    
10.000000    , 22.000000    , 0.001507     , 0.021967     , -2.705462    , 0.010000     , 0.000144     , -2.705458    , 0.000000     , 0.000000     , 0.000000     , 0.087092     , 0.000000     , -4500.000000 , -4500.000000 , -4500.000000 , 100.000000   , -0.001507    , -0.005197    , -0.000754    , 4.999986     , 0.000000     , -0.001507    , -0.029999    , 49.999855    
10.000000    , 22.000000    , 0.001508     , 0.021968     , -2.705462    , 0.010000     , 0.000144     , -2.705458    , 0.000000     , 0.000000     , 0.000000     , 0.087092     , 0.000000     , -4500.000000 , -4500.000000 , -4500.000000 , 100.000000   , -0.001508    , -0.005197    , -0.000754    , 4.999986     , 0.000000     , -0.001508    , -0.029999    , 49.999855    
10.000000    , 22.000000    , 0.001509     , 0.021970     , -2.705464    , 0.010000     , 0.000186     , -2.705458    , 0.000000     , 0.000000     , 0.000000     , 0.087092     , 0.000000     , -4500.000000 , -4500.000000 , -4500.000000 , 100.000000   , -0.001509    , -0.005197    , -0.000754    , 4.999981     , 0.000000     , -0.001509    , -0.029999    , 49.999813    
10.000000    , 22.000000    , 0.001510     , 0.021974     , -2.705467    , 0.010000     , 0.000213     , -2.705458    , 0.000000     , 0.000000     , 0.000000     , 0.087092     , 0.000000     , -4500.000000 , -4500.000000 , -4500.000000 , 100.000000   , -0.001510    , -0.005197    , -0.000755    , 4.999979     , 0.000000     , -0.001510    , -0.029999    , 49.999786    
10.000000    , 22.000000    , 0.001510     , 0.021974     , -2.705467    , 0.010000     , 0.000213     , -2.705467    , 0.000000     , 0.000000     , 0.000000     , 0.087092     , 0.000000     , -4500.000000 , -4500.000000 , -4500.000000 , 100.000000   , -0.001510    , -0.005197    , -0.000755    , 4.999979     , 0.000000     , -0.001510    , -0.029999    , 49.999786    
10.000000    , 22.000000    , 0.001512     , 0.021980     , -2.705469    , 0.010000     , 0.000215     , -2.705467    , 0.000000     , 0.000000     , 0.000000     , 0.087092     , 0.000000     , -4500.000000 , -4500.000000 , -4500.000000 , 100.000000   , -0.001512    , -0.005198    , -0.000756    , 4.999979     , 0.000000     , -0.001512    , -0.029999    , 49.999786    
10.000000    , 22.000000    , 0.001512     , 0.021981     , -2.705469    , 0.010000     , 0.000215     , -2.705467    , 0.000000     , 0.000000     , 0.000000     , 0.087092     , 0.000000     , -4500.000000 , -4500.000000 , -4500.000000 , 100.000000   , -0.001512    , -0.005198    , -0.000756    , 4.999979     , 0.000000     , -0.001512    , -0.029999    , 49.999786    
10.000000    , 22.000000    , 0.001513     , 0.021984     , -2.705470    , 0.010000     , 0.000212     , -2.705467    , 0.000000     , 0.000000     , 0.000000     , 0.087092     , 0.000000     , -4500.000000 , -4500.000000 , -4500.000000 , 100.000000   , -0.001513    , -0.005198    , -0.000756    , 4.999979     , 0.000000     , -0.001513    , -0.029999    , 49.999786    
10.000000    , 22.000000    , 0.001514     , 0.021990     , -2.705472    , 0.010000     , 0.000206     , -2.705467    , 0.000000     , 0.000000     , 0.000000     , 0.087092     , 0.000000     , -4500.000000 , -4500.000000 , -4500.000000 , 100.000000   , -0.001514    , -0.005199    , -0.000757    , 4.999979     , 0.000000     , -0.001514    , -0.029999    , 49.999794    
10.000000    , 22.000000    , 0.001515     , 0.021994     , -2.705473    , 0.010000     , 0.000202     , -2.705472    , 0.000000     , 0.000000     , 0.000000     , 0.087092     , 0.000000     , -4500.000000 , -4500.000000 , -4500.000000 , 100.000000   , -0.001515    , -0.005199    , -0.000757    , 4.999980     , 0.000000     , -0.001515    , -0.029999    , 49.999798    
10.000000    , 22.000000    , 0.001515     , 0.021997     , -2.705473    , 0.010000     , 0.000199     , -2.705472    , 0.000000     , 0.000000     , 0.000000     , 0.087092     , 0.000000     , -4500.000000 , -4500.000000 , -4500.000000 , 100.000000   , -0.001515    , -0.005200    , -0.000758    , 4.999980     , 0.000000     , -0.001515    , -0.029999    , 49.999802    
10.000000    , 22.000000    , 0.001516     , 0.022002     , -2.705474    , 0.010000     , 0.000192     , -2.705472    , 0.000000     , 0.000000     , 0.000000     , 0.087092     , 0.000000     , -4500.000000 , -4500.000000 , -4500.000000 , 100.000000   , -0.001516    , -0.005200    , -0.000758    , 4.999981     , 0.000000     , -0.001516    , -0.029999    , 49.999809    
10.000000    , 22.000000    , 0.001516     , 0.022005     , -2.705475    , 0.010000     , 0.000187     , -2.705472    , 0.000000     , 0.000000     , 0.000000     , 0.087092     , 0.000000     , -4500.000000 , -4500.000000 , -4500.000000 , 100.000000   , -0.001516    , -0.005200    , -0.000758    , 4.999981     , 0.000000     , -0.001516    , -0.029999    , 49.999813    
10.000000    , 22.000000    , 0.001517     , 0.022009     , -2.705476    , 0.010000     , 0.000180     , -2.705472    , 0.000000     , 0.000000     , 0.000000     , 0.087092     , 0.000000     , -4500.000000 , -4500.000000 , -4500.000000 , 100.000000   , -0.001517    , -0.005201    , -0.000758    , 4.999982     , 0.000000     , -0.001517    , -0.029999    , 49.999821    
10.000000    , 22.000000    , 0.001518     , 0.022015     , -2.705477    , -0.000000    , 0.000160     , -2.705476    , 0.000000     , 0.000000     , 0.000000     , 0.087092     , 0.000000     , -4500.000000 , -4500.000000 , -4500.000000 , 100.000000   , -0.001518    , -0.002201    , -0.000759    , 4.999984     , 0.000000     , -0.001518    , 0.000001     , 49.999840    
10.000000    , 22.000000    , 0.001518     , 0.022017     , -2.705478    , 0.010000     , 0.000147     , -2.705476    , 0.000000     , 0.000000     , 0.000000     , 0.087092     , 0.000000     , -4500.000000 , -4500.000000 , -4500.000000 , 100.000000   , -0.001518    , -0.005202    , -0.000759    , 4.999985     , 0.000000     , -0.001518    , -0.029999    , 49.999851    
10.000000    , 22.000000    , 0.001519     , 0.022020     , -2.705478    , 0.010000     , 0.000136     , -2.705476    , 0.000000     , 0.000000     , 0.000000     , 0.087092     , 0.000000     , -4500.000000 , -4500.000000 , -4500.000000 , 100.000000   , -0.001519    , -0.005202    , -0.000759    , 4.999986     , 0.000000     , -0.001519    , -0.029999    , 49.999863    
10.000000    , 22.000000    , 0.001519     , 0.022022     , -2.705479    , 0.010000     , 0.000124     , -2.705476    , 0.000000     , 0.000000     , 0.000000     , 0.087092     , 0.000000     , -4500.000000 , -4500.000000 , -4500.000000 , 100.000000   , -0.001519    , -0.005202    , -0.000760    , 4.999988     , 0.000000     , -0.001519    , -0.029999    , 49.999874    
10.000000    , 22.000000    , 0.001519     , 0.022024     , -2.705480    , -0.000000    , 0.000110     , -2.705476    , 0.000000     , 0.000000     , 0.000000     , 0.087092     , 0.000000     , -4500.000000 , -4500.000000 , -4500.000000 , 100.000000   , -0.001519    , -0.002202    , -0.000760    , 4.999989     , 0.000000     , -0.001519    , 0.000001     , 49.999889    
10.000000    , 22.000000    , 0.001520     , 0.022027     , -2.705481    , -0.000000    , 0.000071     , -2.705480    , 0.000000     , 0.000000     , 0.000000     , 0.087092     , 0.000000     , -4500.000000 , -4500.000000 , -4500.000000 , 100.000000   , -0.001520    , -0.002203    , -0.000760    , 4.999993     , 0.000000     , -0.001520    , 0.000001     , 49.999928    
10.000000    , 22.000000    , 0.001520     , 0.022028     , -2.705482    , -0.000000    , 0.000047     , -2.705480    , 0.000000     , 0.000000     , 0.000000     , 0.087092     , 0.000000     , -4500.000000 , -4500.000000 , -4500.000000 , 100.000000   , -0.001520    , -0.002203    , -0.000760    , 4.999996     , 0.000000     , -0.001520    , 0.000001     , 49.999954    
10.000000    , 22.000000    , 0.001519     , 0.022029     , -2.705482    , -0.000000    , 0.000020     , -2.705480    , 0.000000     , 0.000000     , 0.000000     , 0.087092     , 0.000000     , -4500.000000 , -4500.000000 , -4500.000000 , 100.000000   , -0.001519    , -0.002203    , -0.000760    , 4.999998     , 0.000000     , -0.001519    , 0.000001     , 49.999981    
10.000000    , 22.000000    , 0.001519     , 0.022029     , -2.705482    , -0.000000    , 0.000019     , -2.705480    , 0.000000     , 0.000000     , 0.000000     , 0.087092     , 0.000000     , -4500.000000 , -4500.000000 , -4500.000000 , 100.000000   , -0.001519    , -0.002203    , -0.000759    , 4.999998     , 0.000000     , -0.001519    , 0.000001     , 49.999981    
10.000000    , 22.000000    , 0.001518     , 0.022029     , -2.705483    , -0.000000    , 0.000064     , -2.705480    , 0.000000     , 0.000000     , 0.000000     , 0.087092     , 0.000000     , -4500.000000 , -4500.000000 , -4500.000000 , 100.000000   , -0.001518    , -0.002203    , -0.000759    , 4.999994     , 0.000000     , -0.001518    , 0.000001     , 49.999935    
10.000000    , 22.000000    , 0.001518     , 0.022029     , -2.705483    , -0.000000    , 0.000093     , -2.705483    , 0.000000     , 0.000000     , 0.000000     , 0.087092     , 0.000000     , -4500.000000 , -4500.000000 , -4500.000000 , 100.000000   , -0.001518    , -0.002203    , -0.000759    , 4.999990     , 0.000000     , -0.001518    , 0.000001     , 49.999905    
10.000000    , 22.000000    , 0.001518     , 0.022029     , -2.705484    , -0.000000    , 0.000116     , -2.705483    , 0.000000     , 0.000000     , 0.000000     , 0.087092     , 0.000000     , -4500.000000 , -4500.000000 , -4500.000000 , 100.000000   , -0.001518    , -0.002203    , -0.000759    , 4.999989     , 0.000000     , -0.001518    , 0.000001     , 49.999886    
10.000000    , 22.000000    , 0.001518     , 0.022029     , -2.705484    , -0.000000    , 0.000116     , -2.705483    , 0.000000     , 0.000000     , 0.000000     , 0.087092     , 0.000000     , -4500.000000 , -4500.000000 , -4500.000000 , 100.000000   , -0.001518    , -0.002203    , -0.000759    , 4.999989     , 0.000000     , -0.001518    , 0.000001     , 49.999886    
10.000000    , 22.000000    , 0.001517     , 0.022028     , -2.705485    , -0.000000    , 0.000133     , -2.705483    , 0.000000     , 0.000000     , 0.000000     , 0.087092     , 0.000000     , -4500.000000 , -4500.000000 , -4500.000000 , 100.000000   , -0.001517    , -0.002203    , -0.000759    , 4.999987     , 0.000000     , -0.001517    , 0.000001     , 49.999866    
10.000000    , 22.000000    , 0.001517     , 0.022027     , -2.705486    , -0.000000    , 0.000154     , -2.705483    , 0.000000     , 0.000000     , 0.000000     , 0.087092     , 0.000000     , -4500.000000 , -4500.000000 , -4500.000000 , 100.000000   , -0.001517    , -0.002203    , -0.000759    , 4.999985     , 0.000000     , -0.001517    , 0.000001     , 49.999847    
10.000000    , 22.000000    , 0.001517     , 0.022027     , -2.705486    , -0.000000    , 0.000154     , -2.705486    , 0.000000     , 0.000000     , 0.000000     , 0.087092     , 0.000000     , -4500.000000 , -4500.000000 , -4500.000000 , 100.000000   , -0.001517    , -0.002203    , -0.000759    , 4.999985     , 0.000000     , -0.001517    , 0.000001     , 49.999847    
10.000000    , 22.000000    , 0.001517     , 0.022024     , -2.705487    , -0.000000    , 0.000169     , -2.705486    , 0.000000     , 0.000000     , 0.000000     , 0.087092     , 0.000000     , -4500.000000 , -4500.000000 , -4500.000000 , 100.000000   , -0.001517    , -0.002202    , -0.000759    , 4.999983     , 0.000000     , -0.001517    , 0.000001     , 49.999832    
10.000000    , 22.000000    , 0.001517     , 0.022021     , -2.705489    , -0.000000    , 0.000171     , -2.705486    , 0.000000     , 0.000000     , 0.000000     , 0.087092     , 0.000000     , -4500.000000 , -4500.000000 , -4500.000000 , 100.000000   , -0.001517    , -0.002202    , -0.000759    , 4.999983     , 0.000000     , -0.001517    , 0.000001     , 49.999828    
10.000000    , 22.000000    , 0.001517     , 0.022019     , -2.705490    , -0.000000    , 0.000171     , -2.705486    , 0.000000     , 0.000000     , 0.000000     , 0.087092     , 0.000000     , -4500.000000 , -4500.000000 , -4500.000000 , 100.000000   , -0.001517    , -0.002202    , -0.000759    , 4.999983     , 0.000000     , -0.001517    , 0.000001     , 49.999828    
10.000000    , 22.000000    , 0.001517     , 0.022018     , -2.705490    , -0.000000    , 0.000165     , -2.705486    , 0.000000     , 0.000000     , 0.000000     , 0.087092     , 0.000000     , -4500.000000 , -4500.000000 , -4500.000000 , 100.000000   , -0.001517    , -0.002202    , -0.000759    , 4.999984     , 0.000000     , -0.001517    , 0.000001     , 49.999836    
10.000000    , 22.000000    , 0.001517     , 0.022016     , -2.705491    , -0.000000    , 0.000157     , -2.705490    , 0.000000     , 0.000000     , 0.000000     , 0.087092     , 0.000000     , -4500.000000 , -4500.000000 , -4500.000000 , 100.000000   , -0.001517    , -0.002202    , -0.000759    , 4.999984     , 0.000000     , -0.001517    , 0.000001     , 49.999844    
10.000000    , 22.000000    , 0.001518     , 0.022014     , -2.705492    , -0.000000    , 0.000131     , -2.705490    , 0.000000     , 0.000000     , 0.000000     , 0.087092     , 0.000000     , -4500.000000 , -4500.000000 , -4500.000000 , 100.000000   , -0.001518    , -0.002201    , -0.000759    , 4.999987     , 0.000000     , -0.001518    , 0.000001     , 49.999870    
10.000000    , 22.000000    , 0.001518     , 0.022011     , -2.705493    , -0.000000    , 0.000082     , -2.705490    , 0.000000     , 0.000000     , 0.000000     , 0.087092     , 0.000000     , -4500.000000 , -4500.000000 , -4500.000000 , 100.000000   , -0.001518    , -0.002201    , -0.000759    , 4.999992     , 0.000000     , -0.001518    , 0.000001     , 49.999916    
10.000000    , 22.000000    , 0.001518     , 0.022011     , -2.705493    , 0.010000     , 0.000082     , -2.705490    , 0.000000     , 0.000000     , 0.000000     , 0.087092     , 0.000000     , -4500.000000 , -4500.000000 , -4500.000000 , 100.000000   , -0.001518    , -0.005201    , -0.000759    , 4.999992     , 0.000000     , -0.001518    , -0.029999    , 49.999916    
10.000000    , 22.000000    , 0.001519     , 0.022010     , -2.705494    , 0.010000     , 0.000055     , -2.705490    , 0.000000     , 0.000000     , 0.000000     , 0.087092     , 0.000000     , -4500.000000 , -4500.000000 , -4500.000000 , 100.000000   , -0.001519    , -0.005201    , -0.000759    , 4.999995     , 0.000000     , -0.001519    , -0.029999    , 49.999947    
10.000000    , 22.000000    , 0.001519     , 0.022010     , -2.705494    , 0.010000     , 0.000055     , -2.705494    , 0.000000     , 0.000000     , 0.000000     , 0.087092     , 0.000000     , -4500.000000 , -4500.000000 , -4500.000000 , 100.000000   , -0.001519    , -0.005201    , -0.000760    , 4.999995     , 0.000000     , -0.001519    , -0.029999    , 49.999947    
10.000000    , 22.000000    , 0.001519     , 0.022010     , -2.705495    , 0.010000     , 0.000037     , -2.705494    , 0.000000     , 0.000000     , 0.000000     , 0.087092     , 0.000000     , -4500.000000 , -4500.000000 , -4500.000000 , 100.000000   , -0.001519    , -0.005201    , -0.000760    , 4.999996     , 0.000000     , -0.001519    , -0.029999    , 49.999962    
10.000000    , 22.000000    , 0.001520     , 0.022010     , -2.705495    , 0.010000     , 0.000037     , -2.705494    , 0.000000     , 0.000000     , 0.000000     , 0.087092     , 0.000000     , -4500.000000 , -4500.000000 , -4500.000000 , 100.000000   , -0.001520    , -0.005201    , -0.000760    , 4.999996     , 0.000000     , -0.001520    , -0.029999    , 49.999962    
10.000000    , 22.000000    , 0.001520     , 0.022010     , -2.705496    , 0.010000     , 0.000075     , -2.705494    , 0.000000     , 0.000000     , 0.000000     , 0.087092     , 0.000000     , -4500.000000 , -4500.000000 , -4500.000000 , 100.000000   , -0.001520    , -0.005201    , -0.000760    , 4.999992     , 0.000000     , -0.001520    , -0.029999    , 49.999924    
10.000000    , 22.000000    , 0.001520     , 0.022011     , -2.705496    , 0.010000     , 0.000113     , -2.705494    , 0.000000     , 0.000000     , 0.000000     , 0.087092     , 0.000000     , -4500.000000 , -4500.000000 , -4500.000000 , 100.000000   , -0.001520    , -0.005201    , -0.000760    , 4.999989     , 0.000000     , -0.001520    , -0.029999    , 49.999886    
10.000000    , 22.000000    , 0.001521     , 0.022013     , -2.705497    , 0.010000     , 0.000162     , -2.705496    , 0.000000     , 0.000000     , 0.000000     , 0.087092     , 0.000000     , -4500.000000 , -4500.000000 , -4500.000000 , 100.000000   , -0.001521    , -0.005201    , -0.000761    , 4.999984     , 0.000000     , -0.001521    , -0.029999    , 49.999840    
10.000000    , 22.000000    , 0.001522     , 0.022015     , -2.705498    , 0.010000     , 0.000203     , -2.705496    , 0.000000     , 0.000000     , 0.000000     , 0.087092     , 0.000000     , -4500.000000 , -4500.000000 , -4500.000000 , 100.000000   , -0.001522    , -0.005201    , -0.000761    , 4.999980     , 0.000000     , -0.001522    , -0.029999    , 49.999798    
10.000000    , 22.000000    , 0.001523     , 0.022017     , -2.705498    , 0.010000     , 0.000232     , -2.705496    , 0.000000     , 0.000000     , 0.000000     , 0.087092     , 0.000000     , -4500.000000 , -4500.000000 , -4500.000000 , 100.000000   , -0.001523    , -0.005202    , -0.000762    , 4.999977     , 0.000000     , -0.001523    , -0.029999    , 49.999767    
10.000000    , 22.000000    , 0.001523     , 0.022018     , -2.705498    , 0.010000     , 0.000232     , -2.705496    , 0.000000     , 0.000000     , 0.000000     , 0.087092     , 0.000000     , -4500.000000 , -4500.000000 , -4500.000000 , 100.000000   , -0.001523    , -0.005202    , -0.000762    , 4.999977     , 0.000000     , -0.001523    , -0.029999    , 49.999767    
10.000000    , 22.000000    , 0.001524     , 0.022021     , -2.705498    , 0.010000     , 0.000276     , -2.705496    , 0.000000     , 0.000000     , 0.000000     , 0.087092     , 0.000000     , -4500.000000 , -4500.000000 , -4500.000000 , 100.000000   , -0.001524    , -0.005202    , -0.000762    , 4.999973     , 0.000000     , -0.001524    , -0.029999    , 49.999725    
10.000000    , 22.000000    , 0.001525     , 0.022025     , -2.705498    , 0.010000     , 0.000319     , -2.705498    , 0.000000     , 0.000000     , 0.000000     , 0.087092     , 0.000000     , -4500.000000 , -4500.000000 , -4500.000000 , 100.000000   , -0.001525    , -0.005202    , -0.000763    , 4.999968     , 0.000000     , -0.001525    , -0.029999    , 49.999680    
10.000000    , 22.000000    , 0.001526     , 0.022026     , -2.705498    , 0.010000     , 0.000319     , -2.705498    , 0.000000     , 0.000000     , 0.000000     , 0.087092     , 0.000000     , -4500.000000 , -4500.000000 , -4500.000000 , 100.000000   , -0.001526    , -0.005202    , -0.000763    , 4.999968     , 0.000000     , -0.001526    , -0.029999    , 49.999680    
10.000000    , 22.000000    , 0.001526     , 0.022028     , -2.705497    , 0.010000     , 0.000334     , -2.705498    , 0.000000     , 0.000000     , 0.000000     , 0.087092     , 0.000000     , -4500.000000 , -4500.000000 , -4500.000000 , 100.000000   , -0.001526    , -0.005203    , -0.000763    , 4.999967     , 0.000000     , -0.001526    , -0.029999    , 49.999664    
10.000000    , 22.000000    , 0.001527     , 0.022031     , -2.705497    , 0.010000     , 0.000339     , -2.705498    , 0.000000     , 0.000000     , 0.000000     , 0.087092     , 0.000000     , -4500.000000 , -4500.000000 , -4500.000000 , 100.000000   , -0.001527    , -0.005203    , -0.000763    , 4.999966     , 0.000000     , -0.001527    , -0.029999    , 49.999660    
10.000000    , 22.000000    , 0.001527     , 0.022033     , -2.705496    , 0.010000     , 0.000339     , -2.705498    , 0.000000     , 0.000000     , 0.000000     , 0.087092     , 0.000000     , -4500.000000 , -4500.000000 , -4500.000000 , 100.000000   , -0.001527    , -0.005203    , -0.000764    , 4.999966     , 0.000000     , -0.001527    , -0.029999    , 49.999660    
10.000000    , 22.000000    , 0.001528     , 0.022037     , -2.705496    , 0.010000     , 0.000329     , -2.705496    , 0.000000     , 0.000000     , 0.000000     , 0.087092     , 0.000000     , -4500.000000 , -4500.000000 , -4500.000000 , 100.000000   , -0.001528    , -0.005204    , -0.000764    , 4.999967     , 0.000000     , -0.001528    , -0.029999    , 49.999672    
10.000000    , 22.000000    , 0.001529     , 0.022040     , -2.705495    , 0.010000     , 0.000321     , -2.705496    , 0.000000     , 0.000000     , 0.000000     , 0.087092     , 0.000000     , -4500.000000 , -4500.000000 , -4500.000000 , 100.000000   , -0.001529    , -0.005204    , -0.000764    , 4.999968     , 0.000000     , -0.001529    , -0.029999    , 49.999680    
10.000000    , 22.000000    , 0.001529     , 0.022042     , -2.705495    , 0.010000     , 0.000315     , -2.705496    , 0.000000     , 0.000000     , 0.000000     , 0.087092     , 0.000000     , -4500.000000 , -4500.000000 , -4500.000000 , 100.000000   , -0.001529    , -0.005204    , -0.000765    , 4.999969     , 0.000000     , -0.001529    , -0.029999    , 49.999687    
10.000000    , 22.000000    , 0.001530     , 0.022045     , -2.705494    , 0.010000     , 0.000285     , -2.705496    , 0.000000     , 0.000000     , 0.000000     , 0.087092     , 0.000000     , -4500.000000 , -4500.000000 , -4500.000000 , 100.000000   , -0.001530    , -0.005204    , -0.000765    , 4.999971     , 0.000000     , -0.001530    , -0.029999    , 49.999714    
10.000000    , 22.000000    , 0.001530     , 0.022047     , -2.705494    , 0.010000     , 0.000267     , -2.705496    , 0.000000     , 0.000000     , 0.000000     , 0.087092     , 0.000000     , -4500.000000 , -4500.000000 , -4500.000000 , 100.000000   , -0.001530    , -0.005205    , -0.000765    , 4.999973     , 0.000000     , -0.001530    , -0.029999    , 49.999733    
10.000000    , 22.000000    , 0.001530     , 0.022048     , -2.705493    , 0.010000     , 0.000243     , -2.705494    , 0.000000     , 0.000000     , 0.000000     , 0.087092     , 0.000000     , -4500.000000 , -4500.000000 , -4500.000000 , 100.000000   , -0.001530    , -0.005205    , -0.000765    , 4.999976     , 0.000000     , -0.001530    , -0.029999    , 49.999756    
10.000000    , 22.000000    , 0.001530     , 0.022050     , -2.705493    , 0.010000     , 0.000219     , -2.705494    , 0.000000     , 0.000000     , 0.000000     , 0.087092     , 0.000000     , -4500.000000 , -4500.000000 , -4500.000000 , 100.000000   , -0.001530    , -0.005205    , -0.000765    , 4.999979     , 0.000000     , -0.001530    , -0.029999    , 49.999783    
10.000000    , 22.000000    , 0.001530     , 0.022051     , -2.705492    , -0.000000    , 0.000195     , -2.705494    , 0.000000     , 0.000000     , 0.000000     , 0.087092     , 0.000000     , -4500.000000 , -4500.000000 , -4500.000000 , 100.000000   , -0.001530    , -0.002205    , -0.000765    , 4.999980     , 0.000000     , -0.001530    , 0.000001     , 49.999805    
10.000000    , 22.000000    , 0.001530     , 0.022053     , -2.705492    , -0.000000    , 0.000142     , -2.705494    , 0.000000     , 0.000000     , 0.000000     , 0.087092     , 0.000000     , -4500.000000 , -4500.000000 , -4500.000000 , 100.000000   , -0.001530    , -0.002205    , -0.000765    , 4.999986     , 0.000000     , -0.001530    , 0.000001     , 49.999859    
10.000000    , 22.000000    , 0.001529     , 0.022055     , -2.705491    , 0.010000     , 0.000093     , -2.705494    , 0.000000     , 0.000000     , 0.000000     , 0.087092     , 0.000000     , -4500.000000 , -4500.000000 , -4500.000000 , 100.000000   , -0.001529    , -0.005205    , -0.000765    , 4.999991     , 0.000000     , -0.001529    , -0.029999    , 49.999908    
10.000000    , 22.000000    , 0.001529     , 0.022055     , -2.705491    , 0.010000     , 0.000093     , -2.705491    , 0.000000     , 0.000000     , 0.000000     , 0.087092     , 0.000000     , -4500.000000 , -4500.000000 , -4500.000000 , 100.000000   , -0.001529    , -0.005205    , -0.000765    , 4.999991     , 0.000000     , -0.001529    , -0.029999    , 49.999908    
10.000000    , 22.000000    , 0.001529     , 0.022056     , -2.705491    , -0.000000    , 0.000086     , -2.705491    , 0.000000     , 0.000000     , 0.000000     , 0.087092     , 0.000000     , -4500.000000 , -4500.000000 , -4500.000000 , 100.000000   , -0.001529    , -0.002206    , -0.000765    , 4.999991     , 0.000000     , -0.001529    , 0.000001     , 49.999912    
10.000000    , 22.000000    , 0.001528     , 0.022056     , -2.705490    , -0.000000    , 0.000070     , -2.705491    , 0.000000     , 0.000000     , 0.000000     , 0.087092     , 0.000000     , -4500.000000 , -4500.000000 , -4500.000000 , 100.000000   , -0.001528    , -0.002206    , -0.000764    , 4.999993     , 0.000000     , -0.001528    , 0.000001     , 49.999931    
10.000000    , 22.000000    , 0.001527     , 0.022057     , -2.705490    , -0.000000    , 0.000074     , -2.705491    , 0.000000     , 0.000000     , 0.000000     , 0.087092     , 0.000000     , -4500.000000 , -4500.000000 , -4500.000000 , 100.000000   , -0.001527    , -0.002206    , -0.000763    , 4.999993     , 0.000000     , -0.001527    , 0.000001     , 49.999928    
10.000000    , 22.000000    , 0.001527     , 0.022057     , -2.705490    , -0.000000    , 0.000074     , -2.705491    , 0.000000     , 0.000000     , 0.000000     , 0.087092     , 0.000000     , -4500.000000 , -4500.000000 , -4500.000000 , 100.000000   , -0.001527    , -0.002206    , -0.000763    , 4.999993     , 0.000000     , -0.001527    , 0.000001     , 49.999928    
10.000000    , 22.000000    , 0.001526     , 0.022057     , -2.705490    , -0.000000    , 0.000073     , -2.705490    , 0.000000     , 0.000000     , 0.000000     , 0.087092     , 0.000000     , -4500.000000 , -4500.000000 , -4500.000000 , 100.000000   , -0.001526    , -0.002206    , -0.000763    , 4.999993     , 0.000000     , -0.001526    , 0.000001     , 49.999928    
10.000000    , 22.000000    , 0.001524     , 0.022055     , -2.705490    , -0.000000    , 0.000068     , -2.705490    , 0.000000     , 0.000000     , 0.000000     , 0.087092     , 0.000000     , -4500.000000 , -4500.000000 , -4500.000000 , 100.000000   , -0.001524    , -0.002205    , -0.000762    , 4.999993     , 0.000000     , -0.001524    , 0.000001     , 49.999931    
10.000000    , 22.000000    , 0.001523     , 0.022053     , -2.705490    , -0.000000    , 0.000127     , -2.705490    , 0.000000     , 0.000000     , 0.000000     , 0.087092     , 0.000000     , -4500.000000 , -4500.000000 , -4500.000000 , 100.000000   , -0.001523    , -0.002205    , -0.000761    , 4.999988     , 0.000000     , -0.001523    , 0.000001     , 49.999874    
10.000000    , 22.000000    , 0.001522     , 0.022052     , -2.705489    , -0.000000    , 0.000177     , -2.705490    , 0.000000     , 0.000000     , 0.000000     , 0.087092     , 0.000000     , -4500.000000 , -4500.000000 , -4500.000000 , 100.000000   , -0.001522    , -0.002205    , -0.000761    , 4.999982     , 0.000000     , -0.001522    , 0.000001     , 49.999825    
10.000000    , 22.000000    , 0.001521     , 0.022050     , -2.705489    , -0.000000    , 0.000203     , -2.705490    , 0.000000     , 0.000000     , 0.000000     , 0.087092     , 0.000000     , -4500.000000 , -4500.000000 , -4500.000000 , 100.000000   , -0.001521    , -0.002205    , -0.000761    , 4.999980     , 0.000000     , -0.001521    , 0.000001     , 49.999798    
10.000000    , 22.000000    , 0.001521     , 0.022048     , -2.705489    , -0.000000    , 0.000227     , -2.705489    , 0.000000     , 0.000000     , 0.000000     , 0.087092     , 0.000000     , -4500.000000 , -4500.000000 , -4500.000000 , 100.000000   , -0.001521    , -0.002205    , -0.000760    , 4.999977     , 0.000000     , -0.001521    , 0.000001     , 49.999771    
10.000000    , 22.000000    , 0.001520     , 0.022046     , -2.705489    , -0.000000    , 0.000247     , -2.705489    , 0.000000     , 0.000000     , 0.000000     , 0.087092     , 0.000000     , -4500.000000 , -4500.000000 , -4500.000000 , 100.000000   , -0.001520    , -0.002205    , -0.000760    , 4.999975     , 0.000000     , -0.001520    , 0.000001     , 49.999752    
10.000000    , 22.000000    , 0.001519     , 0.022044     , -2.705489    , -0.000000    , 0.000264     , -2.705489    , 0.000000     , 0.000000     , 0.000000     , 0.087092     , 0.000000     , -4500.000000 , -4500.000000 , -4500.000000 , 100.000000   , -0.001519    , -0.002204    , -0.000759    , 4.999974     , 0.000000     , -0.001519    , 0.000001     , 49.999737    
10.000000    , 22.000000    , 0.001518     , 0.022042     , -2.705489    , -0.000000    , 0.000275     , -2.705489    , 0.000000     , 0.000000     , 0.000000     , 0.087092     , 0.000000     , -4500.000000 , -4500.000000 , -4500.000000 , 100.000000   , -0.001518    , -0.002204    , -0.000759    , 4.999973     , 0.000000     , -0.001518    , 0.000001     , 49.999725    
10.000000    , 22.000000    , 0.001518     , 0.022039     , -2.705489    , -0.000000    , 0.000288     , -2.705489    , 0.000000     , 0.000000     , 0.000000     , 0.087092     , 0.000000     , -4500.000000 , -4500.000000 , -4500.000000 , 100.000000   , -0.001518    , -0.002204    , -0.000759    , 4.999971     , 0.000000     , -0.001518    , 0.000001     , 49.999714    
10.000000    , 22.000000    , 0.001518     , 0.022037     , -2.705489    , -0.000000    , 0.000291     , -2.705489    , 0.000000     , 0.000000     , 0.000000     , 0.087092     , 0.000000     , -4500.000000 , -4500.000000 , -4500.000000 , 100.000000   , -0.001518    , -0.002204    , -0.000759    , 4.999971     , 0.000000     , -0.001518    , 0.000001     , 49.999710    
10.000000    , 22.000000    , 0.001517     , 0.022035     , -2.705489    , -0.000000    , 0.000294     , -2.705489    , 0.000000     , 0.000000     , 0.000000     , 0.087092     , 0.000000     , -4500.000000 , -4500.000000 , -4500.000000 , 100.000000   , -0.001517    , -0.002203    , -0.000759    , 4.999971     , 0.000000     , -0.001517    , 0.000001     , 49.999706    
10.000000    , 22.000000    , 0.001517     , 0.022033     , -2.705489    , -0.000000    , 0.000295     , -2.705489    , 0.000000     , 0.000000     , 0.000000     , 0.087092     , 0.000000     , -4500.000000 , -4500.000000 , -4500.000000 , 100.000000   , -0.001517    , -0.002203    , -0.000758    , 4.999971     , 0.000000     , -0.001517    , 0.000001     , 49.999706    
10.000000    , 22.000000    , 0.001517     , 0.022031     , -2.705489    , -0.000000    , 0.000294     , -2.705489    , 0.000000     , 0.000000     , 0.000000     , 0.087092     , 0.000000     , -4500.000000 , -4500.000000 , -4500.000000 , 100.000000   , -0.001517    , -0.002203    , -0.000758    , 4.999971     , 0.000000     , -0.001517    , 0.000001     , 49.999706    
10.000000    , 22.000000    , 0.001516     , 0.022028     , -2.705489    , -0.000000    , 0.000291     , -2.705489    , 0.000000     , 0.000000     , 0.000000     , 0.087092     , 0.000000     , -4500.000000 , -4500.000000 , -4500.000000 , 100.000000   , -0.001516    , -0.002203    , -0.000758    , 4.999971     , 0.000000     , -0.001516    , 0.000001     , 49.999710    
10.000000    , 22.000000    , 0.001516     , 0.022026     , -2.705489    , -0.000000    , 0.000289     , -2.705489    , 0.000000     , 0.000000     , 0.000000     , 0.087092     , 0.000000     , -4500.000000 , -4500.000000 , -4500.000000 , 100.000000   , -0.001516    , -0.002203    , -0.000758    , 4.999971     , 0.000000     , -0.001516    , 0.000001     , 49.999710    
10.000000    , 22.000000    , 0.001516     , 0.022023     , -2.705489    , -0.000000    , 0.000282     , -2.705489    , 0.000000     , 0.000000     , 0.000000     , 0.087092     , 0.000000     , -4500.000000 , -4500.000000 , -4500.000000 , 100.000000   , -0.001516    , -0.002202    , -0.000758    , 4.999972     , 0.000000     , -0.001516    , 0.000001     , 49.999718    
10.000000    , 22.000000    , 0.001516     , 0.022021     , -2.705489    , -0.000000    , 0.000276     , -2.705489    , 0.000000     , 0.000000     , 0.000000     , 0.087092     , 0.000000     , -4500.000000 , -4500.000000 , -4500.000000 , 100.000000   , -0.001516    , -0.002202    , -0.000758    , 4.999973     , 0.000000     , -0.001516    , 0.000001     , 49.999725    
10.000000    , 22.000000    , 0.001516     , 0.022015     , -2.705490    , -0.000000    , 0.000249     , -2.705489    , 0.000000     , 0.000000     , 0.000000     , 0.087092     , 0.000000     , -4500.000000 , -4500.000000 , -4500.000000 , 100.000000   , -0.001516    , -0.002201    , -0.000758    , 4.999975     , 0.000000     , -0.001516    , 0.000001     , 49.999752    
10.000000    , 22.000000    , 0.001516     , 0.022015     , -2.705489    , -0.000000    , 0.000249     , -2.705489    , 0.000000     , 0.000000     , 0.000000     , 0.087092     , 0.000000     , -4500.000000 , -4500.000000 , -4500.000000 , 100.000000   , -0.001516    , -0.002201    , -0.000758    , 4.999975     , 0.000000     , -0.001516    , 0.000001     , 49.999752    
10.000000    , 22.000000    , 0.001517     , 0.022013     , -2.705490    , -0.000000    , 0.000233     , -2.705489    , 0.000000     , 0.000000     , 0.000000     , 0.087092     , 0.000000     , -4500.000000 , -4500.000000 , -4500.000000 , 100.000000   , -0.001517    , -0.002201    , -0.000758    , 4.999977     , 0.000000     , -0.001517    , 0.000001     , 49.999767    
10.000000    , 22.000000    , 0.001517     , 0.022011     , -2.705490    , -0.000000    , 0.000211     , -2.705489    , 0.000000     , 0.000000     , 0.000000     , 0.087092     , 0.000000     , -4500.000000 , -4500.000000 , -4500.000000 , 100.000000   , -0.001517    , -0.002201    , -0.000758    , 4.999979     , 0.000000     , -0.001517    , 0.000001     , 49.999790    
10.000000    , 22.000000    , 0.001517     , 0.022009     , -2.705490    , -0.000000    , 0.000197     , -2.705489    , 0.000000     , 0.000000     , 0.000000     , 0.087092     , 0.000000     , -4500.000000 , -4500.000000 , -4500.000000 , 100.000000   , -0.001517    , -0.002201    , -0.000759    , 4.999980     , 0.000000     , -0.001517    , 0.000001     , 49.999802    
10.000000    , 22.000000    , 0.001517     , 0.022008     , -2.705490    , -0.000000    , 0.000181     , -2.705489    , 0.000000     , 0.000000     , 0.000000     , 0.087092     , 0.000000     , -4500.000000 , -4500.000000 , -4500.000000 , 100.000000   , -0.001517    , -0.002201    , -0.000759    , 4.999982     , 0.000000     , -0.001517    , 0.000001     , 49.999821    
10.000000    , 22.000000    , 0.001518     , 0.022006     , -2.705490    , 0.010000     , 0.000148     , -2.705489    , 0.000000     , 0.000000     , 0.000000     , 0.087092     , 0.000000     , -4500.000000 , -4500.000000 , -4500.000000 , 100.000000   , -0.001518    , -0.005201    , -0.000759    , 4.999985     , 0.000000     , -0.001518    , -0.029999    , 49.999851    
10.000000    , 22.000000    , 0.001518     , 0.022004     , -2.705489    , 0.010000     , 0.000100     , -2.705490    , 0.000000     , 0.000000     , 0.000000     , 0.087092     , 0.000000     , -4500.000000 , -4500.000000 , -4500.000000 , 100.000000   , -0.001518    , -0.005200    , -0.000759    , 4.999990     , 0.000000     , -0.001518    , -0.029999    , 49.999901    
10.000000    , 22.000000    , 0.001518     , 0.022004     , -2.705488    , 0.010000     , 0.000073     , -2.705490    , 0.000000     , 0.000000     , 0.000000     , 0.087092     , 0.000000     , -4500.000000 , -4500.000000 , -4500.000000 , 100.000000   , -0.001518    , -0.005200    , -0.000759    , 4.999993     , 0.000000     , -0.001518    , -0.029999    , 49.999928    
10.000000    , 22.000000    , 0.001518     , 0.022003     , -2.705487    , 0.010000     , 0.000051     , -2.705490    , 0.000000     , 0.000000     , 0.000000     , 0.087092     , 0.000000     , -4500.000000 , -4500.000000 , -4500.000000 , 100.000000   , -0.001518    , -0.005200    , -0.000759    , 4.999995     , 0.000000     , -0.001518    , -0.029999    , 49.999950    
10.000000    , 22.000000    , 0.001518     , 0.022003     , -2.705487    , 0.010000     , 0.000058     , -2.705490    , 0.000000     , 0.000000     , 0.000000     , 0.087092     , 0.000000     , -4500.000000 , -4500.000000 , -4500.000000 , 100.000000   , -0.001518    , -0.005200    , -0.000759    , 4.999994     , 0.000000     , -0.001518    , -0.029999    , 49.999943    
10.000000    , 22.000000    , 0.001518     , 0.022001     , -2.705486    , 0.010000     , 0.000089     , -2.705490    , 0.000000     , 0.000000     , 0.000000     , 0.087092     , 0.000000     , -4500.000000 , -4500.000000 , -4500.000000 , 100.000000   , -0.001518    , -0.005200    , -0.000759    , 4.999991     , 0.000000     , -0.001518    , -0.029999    , 49.999912    
10.000000    , 22.000000    , 0.001516     , 0.021996     , -2.705484    , 0.010000     , 0.000139     , -2.705486    , 0.000000     , 0.000000     , 0.000000     , 0.087092     , 0.000000     , -4500.000000 , -4500.000000 , -4500.000000 , 100.000000   , -0.001516    , -0.005200    , -0.000758    , 4.999986     , 0.000000     , -0.001516    , -0.029999    , 49.999863    
10.000000    , 22.000000    , 0.001515     , 0.021992     , -2.705482    , 0.010000     , 0.000164     , -2.705486    , 0.000000     , 0.000000     , 0.000000     , 0.087092     , 0.000000     , -4500.000000 , -4500.000000 , -4500.000000 , 100.000000   , -0.001515    , -0.005199    , -0.000758    , 4.999984     , 0.000000     , -0.001515    , -0.029999    , 49.999836    
10.000000    , 22.000000    , 0.001514     , 0.021988     , -2.705481    , 0.010000     , 0.000184     , -2.705486    , 0.000000     , 0.000000     , 0.000000     , 0.087092     , 0.000000     , -4500.000000 , -4500.000000 , -4500.000000 , 100.000000   , -0.001514    , -0.005199    , -0.000757    , 4.999982     , 0.000000     , -0.001514    , -0.029999    , 49.999817    
10.000000    , 22.000000    , 0.001513     , 0.021985     , -2.705479    , 0.010000     , 0.000194     , -2.705486    , 0.000000     , 0.000000     , 0.000000     , 0.087092     , 0.000000     , -4500.000000 , -4500.000000 , -4500.000000 , 100.000000   , -0.001513    , -0.005198    , -0.000757    , 4.999980     , 0.000000     , -0.001513    , -0.029999    , 49.999805    
10.000000    , 22.000000    , 0.001513     , 0.021983     , -2.705477    , 0.010000     , 0.000194     , -2.705486    , 0.000000     , 0.000000     , 0.000000     , 0.087092     , 0.000000     , -4500.000000 , -4500.000000 , -4500.000000 , 100.000000   , -0.001513    , -0.005198    , -0.000757    , 4.999980     , 0.000000     , -0.001513    , -0.029999    , 49.999805    
10.000000    , 22.000000    , 0.001513     , 0.021981     , -2.705476    , 0.010000     , 0.000184     , -2.705477    , 0.000000     , 0.000000     , 0.000000     , 0.087092     , 0.000000     , -4500.000000 , -4500.000000 , -4500.000000 , 100.000000   , -0.001513    , -0.005198    , -0.000756    , 4.999982     , 0.000000     , -0.001513    , -0.029999    , 49.999817    
10.000000    , 22.000000    , 0.001513     , 0.021980     , -2.705474    , 0.010000     , 0.000169     , -2.705477    , 0.000000     , 0.000000     , 0.000000     , 0.087092     , 0.000000     , -4500.000000 , -4500.000000 , -4500.000000 , 100.000000   , -0.001513    , -0.005198    , -0.000756    , 4.999983     , 0.000000     , -0.001513    , -0.029999    , 49.999832    
10.000000    , 22.000000    , 0.001513     , 0.021979     , -2.705473    , 0.010000     , 0.000154     , -2.705477    , 0.000000     , 0.000000     , 0.000000     , 0.087092     , 0.000000     , -4500.000000 , -4500.000000 , -4500.000000 , 100.000000   , -0.001513    , -0.005198    , -0.000756    , 4.999985     , 0.000000     , -0.001513    , -0.029999    , 49.999847    
10.000000    , 22.000000    , 0.001512     , 0.021978     , -2.705471    , 0.010000     , 0.000121     , -2.705477    , 0.000000     , 0.000000     , 0.000000     , 0.087092     , 0.000000     , -4500.000000 , -4500.000000 , -4500.000000 , 100.000000   , -0.001512    , -0.005198    , -0.000756    , 4.999988     , 0.000000     , -0.001512    , -0.029999    , 49.999878    
10.000000    , 22.000000    , 0.001512     , 0.021977     , -2.705470    , 0.010000     , 0.000105     , -2.705477    , 0.000000     , 0.000000     , 0.000000     , 0.087092     , 0.000000     , -4500.000000 , -4500.000000 , -4500.000000 , 100.000000   , -0.001512    , -0.005198    , -0.000756    , 4.999990     , 0.000000     , -0.001512    , -0.029999    , 49.999897    
10.000000    , 22.000000    , 0.001512     , 0.021977     , -2.705468    , 0.010000     , 0.000085     , -2.705470    , 0.000000     , 0.000000     , 0.000000     , 0.087092     , 0.000000     , -4500.000000 , -4500.000000 , -4500.000000 , 100.000000   , -0.001512    , -0.005198    , -0.000756    , 4.999992     , 0.000000     , -0.001512    , -0.029999    , 49.999916    
10.000000    , 22.000000    , 0.001512     , 0.021977     , -2.705465    , 0.010000     , 0.000062     , -2.705470    , 0.000000     , 0.000000     , 0.000000     , 0.087092     , 0.000000     , -4500.000000 , -4500.000000 , -4500.000000 , 100.000000   , -0.001512    , -0.005198    , -0.000756    , 4.999994     , 0.000000     , -0.001512    , -0.029999    , 49.999939    
10.000000    , 22.000000    , 0.001511     , 0.021978     , -2.705462    , 0.010000     , 0.000057     , -2.705470    , 0.000000     , 0.000000     , 0.000000     , 0.087092     , 0.000000     , -4500.000000 , -4500.000000 , -4500.000000 , 100.000000   , -0.001511    , -0.005198    , -0.000756    , 4.999994     , 0.000000     , -0.001511    , -0.029999    , 49.999943    
10.000000    , 22.000000    , 0.001511     , 0.021978     , -2.705460    , 0.010000     , 0.000057     , -2.705470    , 0.000000     , 0.000000     , 0.000000     , 0.087092     , 0.000000     , -4500.000000 , -4500.000000 , -4500.000000 , 100.000000   , -0.001511    , -0.005198    , -0.000755    , 4.999994     , 0.000000     , -0.001511    , -0.029999    , 49.999943    
10.000000    , 22.000000    , 0.001510     , 0.021979     , -2.705458    , 0.010000     , 0.000060     , -2.705470    , 0.000000     , 0.000000     , 0.000000     , 0.087092     , 0.000000     , -4500.000000 , -4500.000000 , -4500.000000 , 100.000000   , -0.001510    , -0.005198    , -0.000755    , 4.999994     , 0.000000     , -0.001510    , -0.029999    , 49.999939    
10.000000    , 22.000000    , 0.001509     , 0.021980     , -2.705456    , 0.010000     , 0.000072     , -2.705458    , 0.000000     , 0.000000     , 0.000000     , 0.087092     , 0.000000     , -4500.000000 , -4500.000000 , -4500.000000 , 100.000000   , -0.001509    , -0.005198    , -0.000755    , 4.999993     , 0.000000     , -0.001509    , -0.029999    , 49.999928    
10.000000    , 22.000000    , 0.001509     , 0.021982     , -2.705454    , 0.010000     , 0.000094     , -2.705458    , 0.000000     , 0.000000     , 0.000000     , 0.087092     , 0.000000     , -4500.000000 , -4500.000000 , -4500.000000 , 100.000000   , -0.001509    , -0.005198    , -0.000754    , 4.999990     , 0.000000     , -0.001509    , -0.029999    , 49.999905    
10.000000    , 22.000000    , 0.001508     , 0.021984     , -2.705453    , 0.010000     , 0.000114     , -2.705458    , 0.000000     , 0.000000     , 0.000000     , 0.087092     , 0.000000     , -4500.000000 , -4500.000000 , -4500.000000 , 100.000000   , -0.001508    , -0.005198    , -0.000754    , 4.999989     , 0.000000     , -0.001508    , -0.029999    , 49.999886    
10.000000    , 22.000000    , 0.001507     , 0.021986     , -2.705452    , 0.010000     , 0.000131     , -2.705458    , 0.000000     , 0.000000     , 0.000000     , 0.087092     , 0.000000     , -4500.000000 , -4500.000000 , -4500.000000 , 100.000000   , -0.001507    , -0.005199    , -0.000754    , 4.999987     , 0.000000     , -0.001507    , -0.029999    , 49.999870    
10.000000    , 22.000000    , 0.001507     , 0.021988     , -2.705451    , 0.010000     , 0.000146     , -2.705458    , 0.000000     , 0.000000     , 0.000000     , 0.087092     , 0.000000     , -4500.000000 , -4500.000000 , -4500.000000 , 100.000000   , -0.001507    , -0.005199    , -0.000753    , 4.999986     , 0.000000     , -0.001507    , -0.029999    , 49.999855    
10.000000    , 22.000000    , 0.001506     , 0.021990     , -2.705449    , 0.010000     , 0.000161     , -2.705451    , 0.000000     , 0.000000     , 0.000000     , 0.087092     , 0.000000     , -4500.000000 , -4500.000000 , -4500.000000 , 100.000000   , -0.001506    , -0.005199    , -0.000753    , 4.999984     , 0.000000     , -0.001506    , -0.029999    , 49.999840    
10.000000    , 22.000000    , 0.001505     , 0.021995     , -2.705447    , 0.010000     , 0.000191     , -2.705451    , 0.000000     , 0.000000     , 0.000000     , 0.087092     , 0.000000     , -4500.000000 , -4500.000000 , -4500.000000 , 100.000000   , -0.001505    , -0.005199    , -0.000753    , 4.999981     , 0.000000     , -0.001505    , -0.029999    , 49.999809    
10.000000    , 22.000000    , 0.001504     , 0.021999     , -2.705445    , 0.010000     , 0.000196     , -2.705451    , 0.000000     , 0.000000     , 0.000000     , 0.087092     , 0.000000     , -4500.000000 , -4500.000000 , -4500.000000 , 100.000000   , -0.001504    , -0.005200    , -0.000752    , 4.999980     , 0.000000     , -0.001504    , -0.029999    , 49.999805    
10.000000    , 22.000000    , 0.001504     , 0.022001     , -2.705444    , 0.010000     , 0.000191     , -2.705451    , 0.000000     , 0.000000     , 0.000000     , 0.087092     , 0.000000     , -4500.000000 , -4500.000000 , -4500.000000 , 100.000000   , -0.001504    , -0.005200    , -0.000752    , 4.999981     , 0.000000     , -0.001504    , -0.029999    , 49.999809    
10.000000    , 22.000000    , 0.001504     , 0.022005     , -2.705443    , 0.010000     , 0.000176     , -2.705451    , 0.000000     , 0.000000     , 0.000000     , 0.087092     , 0.000000     , -4500.000000 , -4500.000000 , -4500.000000 , 100.000000   , -0.001504    , -0.005200    , -0.000752    , 4.999982     , 0.000000     , -0.001504    , -0.029999    , 49.999825    
10.000000    , 22.000000    , 0.001504     , 0.022005     , -2.705443    , 0.010000     , 0.000176     , -2.705443    , 0.000000     , 0.000000     , 0.000000     , 0.087092     , 0.000000     , -4500.000000 , -4500.000000 , -4500.000000 , 100.000000   , -0.001504    , -0.005200    , -0.000752    , 4.999982     , 0.000000     , -0.001504    , -0.029999    , 49.999825    
10.000000    , 22.000000    , 0.001504     , 0.022008     , -2.705441    , 0.010000     , 0.000167     , -2.705443    , 0.000000     , 0.000000     , 0.000000     , 0.087092     , 0.000000     , -4500.000000 , -4500.000000 , -4500.000000 , 100.000000   , -0.001504    , -0.005201    , -0.000752    , 4.999983     , 0.000000     , -0.001504    , -0.029999    , 49.999832    
10.000000    , 22.000000    , 0.001504     , 0.022010     , -2.705441    , 0.010000     , 0.000167     , -2.705443    , 0.000000     , 0.000000     , 0.000000     , 0.087092     , 0.000000     , -4500.000000 , -4500.000000 , -4500.000000 , 100.000000   , -0.001504    , -0.005201    , -0.000752    , 4.999983     , 0.000000     , -0.001504    , -0.029999    , 49.999832    
10.000000    , 22.000000    , 0.001505     , 0.022012     , -2.705441    , 0.010000     , 0.000172     , -2.705443    , 0.000000     , 0.000000     , 0.000000     , 0.087092     , 0.000000     , -4500.000000 , -4500.000000 , -4500.000000 , 100.000000   , -0.001505    , -0.005201    , -0.000752    , 4.999983     , 0.000000     , -0.001505    , -0.029999    , 49.999828    
10.000000    , 22.000000    , 0.001506     , 0.022014     , -2.705441    , 0.010000     , 0.000175     , -2.705443    , 0.000000     , 0.000000     , 0.000000     , 0.087092     , 0.000000     , -4500.000000 , -4500.000000 , -4500.000000 , 100.000000   , -0.001506    , -0.005201    , -0.000753    , 4.999982     , 0.000000     , -0.001506    , -0.029999    , 49.999825    
10.000000    , 22.000000    , 0.001506     , 0.022016     , -2.705441    , 0.010000     , 0.000178     , -2.705441    , 0.000000     , 0.000000     , 0.000000     , 0.087092     , 0.000000     , -4500.000000 , -4500.000000 , -4500.000000 , 100.000000   , -0.001506    , -0.005202    , -0.000753    , 4.999982     , 0.000000     , -0.001506    , -0.029999    , 49.999821    
10.000000    , 22.000000    , 0.001507     , 0.022019     , -2.705441    , -0.000000    , 0.000182     , -2.705441    , 0.000000     , 0.000000     , 0.000000     , 0.087092     , 0.000000     , -4500.000000 , -4500.000000 , -4500.000000 , 100.000000   , -0.001507    , -0.002202    , -0.000754    , 4.999982     , 0.000000     , -0.001507    , 0.000001     , 49.999817    
10.000000    , 22.000000    , 0.001508     , 0.022020     , -2.705441    , 0.010000     , 0.000184     , -2.705441    , 0.000000     , 0.000000     , 0.000000     , 0.087092     , 0.000000     , -4500.000000 , -4500.000000 , -4500.000000 , 100.000000   , -0.001508    , -0.005202    , -0.000754    , 4.999982     , 0.000000     , -0.001508    , -0.029999    , 49.999817    
10.000000    , 22.000000    , 0.001509     , 0.022022     , -2.705441    , 0.010000     , 0.000186     , -2.705441    , 0.000000     , 0.000000     , 0.000000     , 0.087092     , 0.000000     , -4500.000000 , -4500.000000 , -4500.000000 , 100.000000   , -0.001509    , -0.005202    , -0.000755    , 4.999981     , 0.000000     , -0.001509    , -0.029999    , 49.999813    
10.000000    , 22.000000    , 0.001511     , 0.022026     , -2.705442    , -0.000000    , 0.000191     , -2.705441    , 0.000000     , 0.000000     , 0.000000     , 0.087092     , 0.000000     , -4500.000000 , -4500.000000 , -4500.000000 , 100.000000   , -0.001511    , -0.002203    , -0.000755    , 4.999981     , 0.000000     , -0.001511    , 0.000001     , 49.999809    
10.000000    , 22.000000    , 0.001512     , 0.022028     , -2.705442    , 0.010000     , 0.000190     , -2.705442    , 0.000000     , 0.000000     , 0.000000     , 0.087092     , 0.000000     , -4500.000000 , -4500.000000 , -4500.000000 , 100.000000   , -0.001512    , -0.005203    , -0.000756    , 4.999981     , 0.000000     , -0.001512    , -0.029999    , 49.999809    
10.000000    , 22.000000    , 0.001513     , 0.022030     , -2.705443    , 0.010000     , 0.000186     , -2.705442    , 0.000000     , 0.000000     , 0.000000     , 0.087092     , 0.000000     , -4500.000000 , -4500.000000 , -4500.000000 , 100.000000   , -0.001513    , -0.005203    , -0.000756    , 4.999981     , 0.000000     , -0.001513    , -0.029999    , 49.999813    
10.000000    , 22.000000    , 0.001514     , 0.022032     , -2.705444    , 0.010000     , 0.000176     , -2.705442    , 0.000000     , 0.000000     , 0.000000     , 0.087092     , 0.000000     , -4500.000000 , -4500.000000 , -4500.000000 , 100.000000   , -0.001514    , -0.005203    , -0.000757    , 4.999982     , 0.000000     , -0.001514    , -0.029999    , 49.999825    
10.000000    , 22.000000    , 0.001515     , 0.022035     , -2.705446    , -0.000000    , 0.000143     , -2.705442    , 0.000000     , 0.000000     , 0.000000     , 0.087092     , 0.000000     , -4500.000000 , -4500.000000 , -4500.000000 , 100.000000   , -0.001515    , -0.002203    , -0.000758    , 4.999986     , 0.000000     , -0.001515    , 0.000001     , 49.999859    
10.000000    , 22.000000    , 0.001516     , 0.022036     , -2.705446    , 0.010000     , 0.000117     , -2.705442    , 0.000000     , 0.000000     , 0.000000     , 0.087092     , 0.000000     , -4500.000000 , -4500.000000 , -4500.000000 , 100.000000   , -0.001516    , -0.005204    , -0.000758    , 4.999988     , 0.000000     , -0.001516    , -0.029999    , 49.999882    
10.000000    , 22.000000    , 0.001516     , 0.022036     , -2.705447    , 0.010000     , 0.000093     , -2.705446    , 0.000000     , 0.000000     , 0.000000     , 0.087092     , 0.000000     , -4500.000000 , -4500.000000 , -4500.000000 , 100.000000   , -0.001516    , -0.005204    , -0.000758    , 4.999991     , 0.000000     , -0.001516    , -0.029999    , 49.999908    
10.000000    , 22.000000    , 0.001516     , 0.022036     , -2.705448    , 0.010000     , 0.000074     , -2.705446    , 0.000000     , 0.000000     , 0.000000     , 0.087092     , 0.000000     , -4500.000000 , -4500.000000 , -4500.000000 , 100.000000   , -0.001516    , -0.005204    , -0.000758    , 4.999993     , 0.000000     , -0.001516    , -0.029999    , 49.999928    
10.000000    , 22.000000    , 0.001517     , 0.022036     , -2.705449    , 0.010000     , 0.000072     , -2.705446    , 0.000000     , 0.000000     , 0.000000     , 0.087092     , 0.000000     , -4500.000000 , -4500.000000 , -4500.000000 , 100.000000   , -0.001517    , -0.005204    , -0.000758    , 4.999993     , 0.000000     , -0.001517    , -0.029999    , 49.999928    
10.000000    , 22.000000    , 0.001517     , 0.022036     , -2.705451    , 0.010000     , 0.000083     , -2.705446    , 0.000000     , 0.000000     , 0.000000     , 0.087092     , 0.000000     , -4500.000000 , -4500.000000 , -4500.000000 , 100.000000   , -0.001517    , -0.005204    , -0.000759    , 4.999992     , 0.000000     , -0.001517    , -0.029999    , 49.999916    
10.000000    , 22.000000    , 0.001517     , 0.022036     , -2.705451    , 0.010000     , 0.000090     , -2.705446    , 0.000000     , 0.000000     , 0.000000     , 0.087092     , 0.000000     , -4500.000000 , -4500.000000 , -4500.000000 , 100.000000   , -0.001517    , -0.005204    , -0.000759    , 4.999991     , 0.000000     , -0.001517    , -0.029999    , 49.999908    
10.000000    , 22.000000    , 0.001517     , 0.022036     , -2.705452    , 0.010000     , 0.000105     , -2.705451    , 0.000000     , 0.000000     , 0.000000     , 0.087092     , 0.000000     , -4500.000000 , -4500.000000 , -4500.000000 , 100.000000   , -0.001517    , -0.005204    , -0.000759    , 4.999990     , 0.000000     , -0.001517    , -0.029999    , 49.999893    
10.000000    , 22.000000    , 0.001518     , 0.022035     , -2.705453    , 0.010000     , 0.000120     , -2.705451    , 0.000000     , 0.000000     , 0.000000     , 0.087092     , 0.000000     , -4500.000000 , -4500.000000 , -4500.000000 , 100.000000   , -0.001518    , -0.005203    , -0.000759    , 4.999988     , 0.000000     , -0.001518    , -0.029999    , 49.999878    
10.000000    , 22.000000    , 0.001518     , 0.022034     , -2.705454    , -0.000000    , 0.000151     , -2.705451    , 0.000000     , 0.000000     , 0.000000     , 0.087092     , 0.000000     , -4500.000000 , -4500.000000 , -4500.000000 , 100.000000   , -0.001518    , -0.002203    , -0.000759    , 4.999985     , 0.000000     , -0.001518    , 0.000001     , 49.999847    
10.000000    , 22.000000    , 0.001518     , 0.022033     , -2.705455    , 0.010000     , 0.000168     , -2.705451    , 0.000000     , 0.000000     , 0.000000     , 0.087092     , 0.000000     , -4500.000000 , -4500.000000 , -4500.000000 , 100.000000   , -0.001518    , -0.005203    , -0.000759    , 4.999983     , 0.000000     , -0.001518    , -0.029999    , 49.999832    
10.000000    , 22.000000    , 0.001519     , 0.022032     , -2.705456    , 0.010000     , 0.000179     , -2.705451    , 0.000000     , 0.000000     , 0.000000     , 0.087092     , 0.000000     , -4500.000000 , -4500.000000 , -4500.000000 , 100.000000   , -0.001519    , -0.005203    , -0.000759    , 4.999982     , 0.000000     , -0.001519    , -0.029999    , 49.999821    