debug3       
10.000000    , 22.000000    , 0.001576     , 0.021675     , -2.705778    , 0.000000     , 0.000113     , 0.435814     , 0.000000     , 0.000000     , 0.000000     , 0.087092     , 0.000000     , -4500.000000 , -4500.000000 , -4500.000000 , 100.000000   , -0.001576    , -0.002168    , -0.000788    , 4.999989     , 0.000000     , -0.001576    , -0.000001    , 49.999886    
10.000000    , 22.000000    , 0.001576     , 0.021674     , -2.705777    , 0.000000     , 0.000131     , 0.435814     , 0.000000     , 0.000000     , 0.000000     , 0.087092     , 0.000000     , -4500.000000 , -4500.000000 , -4500.000000 , 100.000000   , -0.001576    , -0.002167    , -0.000788    , 4.999987     , 0.000000     , -0.001576    , -0.000001    , 49.999870    
10.000000    , 22.000000    , 0.001576     , 0.021673     , -2.705777    , 0.000000     , 0.000144     , 0.435814     , 0.000000     , 0.000000     , 0.000000     , 0.087092     , 0.000000     , -4500.000000 , -4500.000000 , -4500.000000 , 100.000000   , -0.001576    , -0.002167    , -0.000788    , 4.999986     , 0.000000     , -0.001576    , -0.000001    , 49.999855    
10.000000    , 22.000000    , 0.001576     , 0.021673     , -2.705776    , 0.000000     , 0.000155     , 0.435814     , 0.000000     , 0.000000     , 0.000000     , 0.087092     , 0.000000     , -4500.000000 , -4500.000000 , -4500.000000 , 100.000000   , -0.001576    , -0.002167    , -0.000788    , 4.999984     , 0.000000     , -0.001576    , -0.000001    , 49.999844    
10.000000    , 22.000000    , 0.001576     , 0.021674     , -2.705775    , 0.000000     , 0.000158     , -2.705776    , 0.000000     , 0.000000     , 0.000000     , 0.087092     , 0.000000     , -4500.000000 , -4500.000000 , -4500.000000 , 100.000000   , -0.001576    , -0.002167    , -0.000788    , 4.999984     , 0.000000     , -0.001576    , -0.000001    , 49.999844    
10.000000    , 22.000000    , 0.001574     , 0.021678     , -2.705770    , 0.000000     , 0.000253     , -2.705776    , 0.000000     , 0.000000     , 0.000000     , 0.087092     , 0.000000     , -4500.000000 , -4500.000000 , -4500.000000 , 100.000000   , -0.001574    , -0.002168    , -0.000787    , 4.999975     , 0.000000     , -0.001574    , -0.000001    , 49.999748    
10.000000    , 22.000000    , 0.001572     , 0.021683     , -2.705766    , 0.000000     , 0.000342     , -2.705776    , 0.000000     , 0.000000     , 0.000000     , 0.087092     , 0.000000     , -4500.000000 , -4500.000000 , -4500.000000 , 100.000000   , -0.001572    , -0.002168    , -0.000786    , 4.999966     , 0.000000     , -0.001572    , -0.000001    , 49.999657    
10.000000    , 22.000000    , 0.001570     , 0.021690     , -2.705761    , 0.000000     , 0.000433     , -2.705776    , 0.000000     , 0.000000     , 0.000000     , 0.087092     , 0.000000     , -4500.000000 , -4500.000000 , -4500.000000 , 100.000000   , -0.001570    , -0.002169    , -0.000785    , 4.999957     , 0.000000     , -0.001570    , -0.000001    , 49.999569    
10.000000    , 22.000000    , 0.001566     , 0.021709     , -2.705747    , 0.000000     , 0.000658     , -2.705776    , 0.000000     , 0.000000     , 0.000000     , 0.087092     , 0.000000     , -4500.000000 , -4500.000000 , -4500.000000 , 100.000000   , -0.001566    , -0.002171    , -0.000783    , 4.999934     , 0.000000     , -0.001566    , -0.000001    , 49.999340    
10.000000    , 22.000000    , 0.001563     , 0.021720     , -2.705738    , 0.000000     , 0.000772     , -2.705747    , 0.000000     , 0.000000     , 0.000000     , 0.087092     , 0.000000     , -4500.000000 , -4500.000000 , -4500.000000 , 100.000000   , -0.001563    , -0.002172    , -0.000782    , 4.999923     , 0.000000     , -0.001563    , -0.000001    , 49.999229    
10.000000    , 22.000000    , 0.001560     , 0.021734     , -2.705729    , 0.000000     , 0.000893     , -2.705747    , 0.000000     , 0.000000     , 0.000000     , 0.087092     , 0.000000     , -4500.000000 , -4500.000000 , -4500.000000 , 100.000000   , -0.001560    , -0.002173    , -0.000780    , 4.999911     , 0.000000     , -0.001560    , -0.000001    , 49.999107    
10.000000    , 22.000000    , 0.001557     , 0.021749     , -2.705718    , 0.000000     , 0.001013     , -2.705747    , 0.000000     , 0.000000     , 0.000000     , 0.087092     , 0.000000     , -4500.000000 , -4500.000000 , -4500.000000 , 100.000000   , -0.001557    , -0.002175    , -0.000778    , 4.999898     , 0.000000     , -0.001557    , -0.000001    , 49.998985    
10.000000    , 22.000000    , 0.001553     , 0.021765     , -2.705706    , 0.000000     , 0.001130     , -2.705747    , 0.000000     , 0.000000     , 0.000000     , 0.087092     , 0.000000     , -4500.000000 , -4500.000000 , -4500.000000 , 100.000000   , -0.001553    , -0.002177    , -0.000777    , 4.999887     , 0.000000     , -0.001553    , -0.000001    , 49.998871    
10.000000    , 22.000000    , 0.001550     , 0.021783     , -2.705693    , 0.000000     , 0.001242     , -2.705747    , 0.000000     , 0.000000     , 0.000000     , 0.087092     , 0.000000     , -4500.000000 , -4500.000000 , -4500.000000 , 100.000000   , -0.001550    , -0.002178    , -0.000775    , 4.999876     , 0.000000     , -0.001550    , -0.000001    , 49.998756    
10.000000    , 22.000000    , 0.001546     , 0.021799     , -2.705683    , 0.000000     , 0.001327     , -2.705693    , 0.000000     , 0.000000     , 0.000000     , 0.087092     , 0.000000     , -4500.000000 , -4500.000000 , -4500.000000 , 100.000000   , -0.001546    , -0.002180    , -0.000773    , 4.999867     , 0.000000     , -0.001546    , -0.000001    , 49.998672    
10.000000    , 22.000000    , 0.001539     , 0.021832     , -2.705659    , 0.000000     , 0.001485     , -2.705693    , 0.000000     , 0.000000     , 0.000000     , 0.087092     , 0.000000     , -4500.000000 , -4500.000000 , -4500.000000 , 100.000000   , -0.001539    , -0.002183    , -0.000769    , 4.999852     , 0.000000     , -0.001539    , -0.000001    , 49.998516    
10.000000    , 22.000000    , 0.001535     , 0.021848     , -2.705648    , 0.000000     , 0.001549     , -2.705693    , 0.000000     , 0.000000     , 0.000000     , 0.087092     , 0.000000     , -4500.000000 , -4500.000000 , -4500.000000 , 100.000000   , -0.001535    , -0.002185    , -0.000768    , 4.999845     , 0.000000     , -0.001535    , -0.000001    , 49.998451    
10.000000    , 22.000000    , 0.001532     , 0.021865     , -2.705637    , 0.000000     , 0.001606     , -2.705693    , 0.000000     , 0.000000     , 0.000000     , 0.087092     , 0.000000     , -4500.000000 , -4500.000000 , -4500.000000 , 100.000000   , -0.001532    , -0.002187    , -0.000766    , 4.999839     , 0.000000     , -0.001532    , -0.000001    , 49.998394    
10.000000    , 22.000000    , 0.001528     , 0.021884     , -2.705624    , 0.000000     , 0.001658     , -2.705693    , 0.000000     , 0.000000     , 0.000000     , 0.087092     , 0.000000     , -4500.000000 , -4500.000000 , -4500.000000 , 100.000000   , -0.001528    , -0.002188    , -0.000764    , 4.999834     , 0.000000     , -0.001528    , -0.000001    , 49.998341    
10.000000    , 22.000000    , 0.001525     , 0.021904     , -2.705611    , 0.000000     , 0.001695     , -2.705624    , 0.000000     , 0.000000     , 0.000000     , 0.087092     , 0.000000     , -4500.000000 , -4500.000000 , -4500.000000 , 100.000000   , -0.001525    , -0.002190    , -0.000762    , 4.999831     , 0.000000     , -0.001525    , -0.000001    , 49.998306    
10.000000    , 22.000000    , 0.001521     , 0.021926     , -2.705597    , 0.000000     , 0.001713     , -2.705624    , 0.000000     , 0.000000     , 0.000000     , 0.087092     , 0.000000     , -4500.000000 , -4500.000000 , -4500.000000 , 100.000000   , -0.001521    , -0.002193    , -0.000760    , 4.999829     , 0.000000     , -0.001521    , -0.000001    , 49.998287    
10.000000    , 22.000000    , 0.001518     , 0.021946     , -2.705585    , 0.000000     , 0.001710     , -2.705624    , 0.000000     , 0.000000     , 0.000000     , 0.087092     , 0.000000     , -4500.000000 , -4500.000000 , -4500.000000 , 100.000000   , -0.001518    , -0.002195    , -0.000759    , 4.999829     , 0.000000     , -0.001518    , -0.000001    , 49.998291    
10.000000    , 22.000000    , 0.001513     , 0.021978     , -2.705564    , 0.000000     , 0.001671     , -2.705624    , 0.000000     , 0.000000     , 0.000000     , 0.087092     , 0.000000     , -4500.000000 , -4500.000000 , -4500.000000 , 100.000000   , -0.001513    , -0.002198    , -0.000757    , 4.999833     , 0.000000     , -0.001513    , -0.000001    , 49.998329    
10.000000    , 22.000000    , 0.001511     , 0.021995     , -2.705554    , 0.000000     , 0.001639     , -2.705624    , 0.000000     , 0.000000     , 0.000000     , 0.087092     , 0.000000     , -4500.000000 , -4500.000000 , -4500.000000 , 100.000000   , -0.001511    , -0.002200    , -0.000755    , 4.999836     , 0.000000     , -0.001511    , -0.000001    , 49.998360    
10.000000    , 22.000000    , 0.001508     , 0.022018     , -2.705541    , 0.000000     , 0.001586     , -2.705554    , 0.000000     , 0.000000     , 0.000000     , 0.087092     , 0.000000     , -4500.000000 , -4500.000000 , -4500.000000 , 100.000000   , -0.001508    , -0.002202    , -0.000754    , 4.999841     , 0.000000     , -0.001508    , -0.000001    , 49.998413    
10.000000    , 22.000000    , 0.001507     , 0.022037     , -2.705530    , 0.000000     , 0.001544     , -2.705554    , 0.000000     , 0.000000     , 0.000000     , 0.087092     , 0.000000     , -4500.000000 , -4500.000000 , -4500.000000 , 100.000000   , -0.001507    , -0.002204    , -0.000753    , 4.999846     , 0.000000     , -0.001507    , -0.000001    , 49.998455    
10.000000    , 22.000000    , 0.001505     , 0.022054     , -2.705520    , 0.000000     , 0.001488     , -2.705554    , 0.000000     , 0.000000     , 0.000000     , 0.087092     , 0.000000     , -4500.000000 , -4500.000000 , -4500.000000 , 100.000000   , -0.001505    , -0.002205    , -0.000753    , 4.999851     , 0.000000     , -0.001505    , -0.000001    , 49.998512    
10.000000    , 22.000000    , 0.001503     , 0.022078     , -2.705506    , 0.000000     , 0.001394     , -2.705554    , 0.000000     , 0.000000     , 0.000000     , 0.087092     , 0.000000     , -4500.000000 , -4500.000000 , -4500.000000 , 100.000000   , -0.001503    , -0.002208    , -0.000752    , 4.999861     , 0.000000     , -0.001503    , -0.000001    , 49.998608    
10.000000    , 22.000000    , 0.001502     , 0.022102     , -2.705494    , 0.000000     , 0.001278     , -2.705554    , 0.000000     , 0.000000     , 0.000000     , 0.087092     , 0.000000     , -4500.000000 , -4500.000000 , -4500.000000 , 100.000000   , -0.001502    , -0.002210    , -0.000751    , 4.999872     , 0.000000     , -0.001502    , -0.000001    , 49.998722    
10.000000    , 22.000000    , 0.001502     , 0.022103     , -2.705493    , 0.000000     , 0.001278     , -2.705494    , 0.000000     , 0.000000     , 0.000000     , 0.087092     , 0.000000     , -4500.000000 , -4500.000000 , -4500.000000 , 100.000000   , -0.001502    , -0.002210    , -0.000751    , 4.999872     , 0.000000     , -0.001502    , -0.000001    , 49.998722    
10.000000    , 22.000000    , 0.001501     , 0.022121     , -2.705483    , 0.000000     , 0.001148     , -2.705494    , 0.000000     , 0.000000     , 0.000000     , 0.087092     , 0.000000     , -4500.000000 , -4500.000000 , -4500.000000 , 100.000000   , -0.001501    , -0.002212    , -0.000751    , 4.999885     , 0.000000     , -0.001501    , -0.000001    , 49.998852    
10.000000    , 22.000000    , 0.001501     , 0.022133     , -2.705477    , 0.000000     , 0.001062     , -2.705494    , 0.000000     , 0.000000     , 0.000000     , 0.087092     , 0.000000     , -4500.000000 , -4500.000000 , -4500.000000 , 100.000000   , -0.001501    , -0.002213    , -0.000750    , 4.999894     , 0.000000     , -0.001501    , -0.000001    , 49.998940    
10.000000    , 22.000000    , 0.001501     , 0.022142     , -2.705472    , 0.000000     , 0.000982     , -2.705494    , 0.000000     , 0.000000     , 0.000000     , 0.087092     , 0.000000     , -4500.000000 , -4500.000000 , -4500.000000 , 100.000000   , -0.001501    , -0.002214    , -0.000750    , 4.999902     , 0.000000     , -0.001501    , -0.000001    , 49.999020    
10.000000    , 22.000000    , 0.001501     , 0.022152     , -2.705467    , 0.000000     , 0.000982     , -2.705494    , 0.000000     , 0.000000     , 0.000000     , 0.087092     , 0.000000     , -4500.000000 , -4500.000000 , -4500.000000 , 100.000000   , -0.001501    , -0.002215    , -0.000750    , 4.999902     , 0.000000     , -0.001501    , -0.000001    , 49.999020    
10.000000    , 22.000000    , 0.001501     , 0.022154     , -2.705465    , 0.000000     , 0.000903     , -2.705467    , 0.000000     , 0.000000     , 0.000000     , 0.087092     , 0.000000     , -4500.000000 , -4500.000000 , -4500.000000 , 100.000000   , -0.001501    , -0.002216    , -0.000750    , 4.999910     , 0.000000     , -0.001501    , -0.000001    , 49.999096    
10.000000    , 22.000000    , 0.001501     , 0.022163     , -2.705460    , 0.000000     , 0.000673     , -2.705467    , 0.000000     , 0.000000     , 0.000000     , 0.087092     , 0.000000     , -4500.000000 , -4500.000000 , -4500.000000 , 100.000000   , -0.001501    , -0.002216    , -0.000751    , 4.999933     , 0.000000     , -0.001501    , -0.000001    , 49.999329    
10.000000    , 22.000000    , 0.001502     , 0.022171     , -2.705455    , 0.000000     , 0.000495     , -2.705467    , 0.000000     , 0.000000     , 0.000000     , 0.087092     , 0.000000     , -4500.000000 , -4500.000000 , -4500.000000 , 100.000000   , -0.001502    , -0.002217    , -0.000751    , 4.999950     , 0.000000     , -0.001502    , -0.000001    , 49.999504    
10.000000    , 22.000000    , 0.001502     , 0.022171     , -2.705455    , 0.000000     , 0.000495     , -2.705467    , 0.000000     , 0.000000     , 0.000000     , 0.087092     , 0.000000     , -4500.000000 , -4500.000000 , -4500.000000 , 100.000000   , -0.001502    , -0.002217    , -0.000751    , 4.999950     , 0.000000     , -0.001502    , -0.000001    , 49.999504    
10.000000    , 22.000000    , 0.001502     , 0.022174     , -2.705452    , 0.000000     , 0.000380     , -2.705467    , 0.000000     , 0.000000     , 0.000000     , 0.087092     , 0.000000     , -4500.000000 , -4500.000000 , -4500.000000 , 100.000000   , -0.001502    , -0.002217    , -0.000751    , 4.999962     , 0.000000     , -0.001502    , -0.000001    , 49.999622    
10.000000    , 22.000000    , 0.001503     , 0.022176     , -2.705450    , 0.000000     , 0.000270     , -2.705452    , 0.000000     , 0.000000     , 0.000000     , 0.087092     , 0.000000     , -4500.000000 , -4500.000000 , -4500.000000 , 100.000000   , -0.001503    , -0.002218    , -0.000751    , 4.999973     , 0.000000     , -0.001503    , -0.000001    , 49.999729    
10.000000    , 22.000000    , 0.001503     , 0.022177     , -2.705447    , 0.000000     , 0.000170     , -2.705452    , 0.000000     , 0.000000     , 0.000000     , 0.087092     , 0.000000     , -4500.000000 , -4500.000000 , -4500.000000 , 100.000000   , -0.001503    , -0.002218    , -0.000752    , 4.999983     , 0.000000     , -0.001503    , -0.000001    , 49.999828    
10.000000    , 22.000000    , 0.001503     , 0.022177     , -2.705446    , 0.000000     , 0.000108     , -2.705452    , 0.000000     , 0.000000     , 0.000000     , 0.087092     , 0.000000     , -4500.000000 , -4500.000000 , -4500.000000 , 100.000000   , -0.001503    , -0.002218    , -0.000752    , 4.999990     , 0.000000     , -0.001503    , -0.000001    , 49.999893    
10.000000    , 22.000000    , 0.001504     , 0.022177     , -2.705444    , 0.000000     , 0.000059     , -2.705452    , 0.000000     , 0.000000     , 0.000000     , 0.087092     , 0.000000     , -4500.000000 , -4500.000000 , -4500.000000 , 100.000000   , -0.001504    , -0.002218    , -0.000752    , 4.999994     , 0.000000     , -0.001504    , -0.000001    , 49.999939    
10.000000    , 22.000000    , 0.001503     , 0.022174     , -2.705443    , 0.000000     , 0.000140     , -2.705452    , 0.000000     , 0.000000     , 0.000000     , 0.087092     , 0.000000     , -4500.000000 , -4500.000000 , -4500.000000 , 100.000000   , -0.001503    , -0.002217    , -0.000752    , 4.999986     , 0.000000     , -0.001503    , -0.000001    , 49.999859    
10.000000    , 22.000000    , 0.001503     , 0.022173     , -2.705442    , 0.000000     , 0.000140     , -2.705443    , 0.000000     , 0.000000     , 0.000000     , 0.087092     , 0.000000     , -4500.000000 , -4500.000000 , -4500.000000 , 100.000000   , -0.001503    , -0.002217    , -0.000752    , 4.999986     , 0.000000     , -0.001503    , -0.000001    , 49.999859    
10.000000    , 22.000000    , 0.001503     , 0.022170     , -2.705441    , 0.000000     , 0.000140     , -2.705443    , 0.000000     , 0.000000     , 0.000000     , 0.087092     , 0.000000     , -4500.000000 , -4500.000000 , -4500.000000 , 100.000000   , -0.001503    , -0.002217    , -0.000751    , 4.999986     , 0.000000     , -0.001503    , -0.000001    , 49.999859    
10.000000    , 22.000000    , 0.001503     , 0.022168     , -2.705440    , 0.000000     , 0.000140     , -2.705443    , 0.000000     , 0.000000     , 0.000000     , 0.087092     , 0.000000     , -4500.000000 , -4500.000000 , -4500.000000 , 100.000000   , -0.001503    , -0.002217    , -0.000751    , 4.999986     , 0.000000     , -0.001503    , -0.000001    , 49.999859    
10.000000    , 22.000000    , 0.001502     , 0.022165     , -2.705439    , 0.000000     , 0.000140     , -2.705443    , 0.000000     , 0.000000     , 0.000000     , 0.087092     , 0.000000     , -4500.000000 , -4500.000000 , -4500.000000 , 100.000000   , -0.001502    , -0.002217    , -0.000751    , 4.999986     , 0.000000     , -0.001502    , -0.000001    , 49.999859    
10.000000    , 22.000000    , 0.001502     , 0.022162     , -2.705438    , 0.000000     , 0.000140     , -2.705443    , 0.000000     , 0.000000     , 0.000000     , 0.087092     , 0.000000     , -4500.000000 , -4500.000000 , -4500.000000 , 100.000000   , -0.001502    , -0.002216    , -0.000751    , 4.999986     , 0.000000     , -0.001502    , -0.000001    , 49.999859    
10.000000    , 22.000000    , 0.001502     , 0.022159     , -2.705437    , 0.000000     , 0.000140     , -2.705438    , 0.000000     , 0.000000     , 0.000000     , 0.087092     , 0.000000     , -4500.000000 , -4500.000000 , -4500.000000 , 100.000000   , -0.001502    , -0.002216    , -0.000751    , 4.999986     , 0.000000     , -0.001502    , -0.000001    , 49.999859    
10.000000    , 22.000000    , 0.001502     , 0.022157     , -2.705436    , 0.000000     , 0.000140     , -2.705438    , 0.000000     , 0.000000     , 0.000000     , 0.087092     , 0.000000     , -4500.000000 , -4500.000000 , -4500.000000 , 100.000000   , -0.001502    , -0.002216    , -0.000751    , 4.999986     , 0.000000     , -0.001502    , -0.000001    , 49.999859    
10.000000    , 22.000000    , 0.001502     , 0.022154     , -2.705435    , 0.000000     , 0.000140     , -2.705438    , 0.000000     , 0.000000     , 0.000000     , 0.087092     , 0.000000     , -4500.000000 , -4500.000000 , -4500.000000 , 100.000000   , -0.001502    , -0.002215    , -0.000751    , 4.999986     , 0.000000     , -0.001502    , -0.000001    , 49.999859    
10.000000    , 22.000000    , 0.001501     , 0.022151     , -2.705434    , 0.000000     , 0.000140     , -2.705438    , 0.000000     , 0.000000     , 0.000000     , 0.087092     , 0.000000     , -4500.000000 , -4500.000000 , -4500.000000 , 100.000000   , -0.001501    , -0.002215    , -0.000751    , 4.999986     , 0.000000     , -0.001501    , -0.000001    , 49.999859    
10.000000    , 22.000000    , 0.001502     , 0.022153     , -2.705439    , 0.000000     , 0.000493     , -2.705438    , 0.000000     , 0.000000     , 0.000000     , 0.087092     , 0.000000     , -4500.000000 , -4500.000000 , -4500.000000 , 100.000000   , -0.001502    , -0.002215    , -0.000751    , 4.999951     , 0.000000     , -0.001502    , -0.000001    , 49.999508    
10.000000    , 22.000000    , 0.001502     , 0.022140     , -2.705439    , 0.000000     , 0.000566     , -2.705439    , 0.000000     , 0.000000     , 0.000000     , 0.087092     , 0.000000     , -4500.000000 , -4500.000000 , -4500.000000 , 100.000000   , -0.001502    , -0.002214    , -0.000751    , 4.999944     , 0.000000     , -0.001502    , -0.000001    , 49.999435    
10.000000    , 22.000000    , 0.001503     , 0.022124     , -2.705439    , 0.000000     , 0.000609     , -2.705439    , 0.000000     , 0.000000     , 0.000000     , 0.087092     , 0.000000     , -4500.000000 , -4500.000000 , -4500.000000 , 100.000000   , -0.001503    , -0.002212    , -0.000752    , 4.999939     , 0.000000     , -0.001503    , -0.000001    , 49.999390    
10.000000    , 22.000000    , 0.001504     , 0.022113     , -2.705440    , 0.000000     , 0.000616     , -2.705439    , 0.000000     , 0.000000     , 0.000000     , 0.087092     , 0.000000     , -4500.000000 , -4500.000000 , -4500.000000 , 100.000000   , -0.001504    , -0.002211    , -0.000752    , 4.999938     , 0.000000     , -0.001504    , -0.000001    , 49.999382    
10.000000    , 22.000000    , 0.001504     , 0.022104     , -2.705441    , 0.000000     , 0.000623     , -2.705439    , 0.000000     , 0.000000     , 0.000000     , 0.087092     , 0.000000     , -4500.000000 , -4500.000000 , -4500.000000 , 100.000000   , -0.001504    , -0.002210    , -0.000752    , 4.999938     , 0.000000     , -0.001504    , -0.000001    , 49.999378    
10.000000    , 22.000000    , 0.001505     , 0.022097     , -2.705442    , 0.000000     , 0.000626     , -2.705439    , 0.000000     , 0.000000     , 0.000000     , 0.087092     , 0.000000     , -4500.000000 , -4500.000000 , -4500.000000 , 100.000000   , -0.001505    , -0.002210    , -0.000752    , 4.999938     , 0.000000     , -0.001505    , -0.000001    , 49.999374    
10.000000    , 22.000000    , 0.001506     , 0.022086     , -2.705443    , 0.000000     , 0.000628     , -2.705442    , 0.000000     , 0.000000     , 0.000000     , 0.087092     , 0.000000     , -4500.000000 , -4500.000000 , -4500.000000 , 100.000000   , -0.001506    , -0.002209    , -0.000753    , 4.999937     , 0.000000     , -0.001506    , -0.000001    , 49.999371    
10.000000    , 22.000000    , 0.001506     , 0.022085     , -2.705443    , 0.000000     , 0.000628     , -2.705442    , 0.000000     , 0.000000     , 0.000000     , 0.087092     , 0.000000     , -4500.000000 , -4500.000000 , -4500.000000 , 100.000000   , -0.001506    , -0.002209    , -0.000753    , 4.999937     , 0.000000     , -0.001506    , -0.000001    , 49.999371    
10.000000    , 22.000000    , 0.001508     , 0.022066     , -2.705445    , 0.000000     , 0.000616     , -2.705442    , 0.000000     , 0.000000     , 0.000000     , 0.087092     , 0.000000     , -4500.000000 , -4500.000000 , -4500.000000 , 100.000000   , -0.001508    , -0.002207    , -0.000754    , 4.999938     , 0.000000     , -0.001508    , -0.000001    , 49.999386    
10.000000    , 22.000000    , 0.001508     , 0.022066     , -2.705446    , 0.000000     , 0.000616     , -2.705442    , 0.000000     , 0.000000     , 0.000000     , 0.087092     , 0.000000     , -4500.000000 , -4500.000000 , -4500.000000 , 100.000000   , -0.001508    , -0.002207    , -0.000754    , 4.999938     , 0.000000     , -0.001508    , -0.000001    , 49.999386    
10.000000    , 22.000000    , 0.001509     , 0.022060     , -2.705446    , 0.000000     , 0.000616     , -2.705442    , 0.000000     , 0.000000     , 0.000000     , 0.087092     , 0.000000     , -4500.000000 , -4500.000000 , -4500.000000 , 100.000000   , -0.001509    , -0.002206    , -0.000754    , 4.999938     , 0.000000     , -0.001509    , -0.000001    , 49.999386    
10.000000    , 22.000000    , 0.001509     , 0.022054     , -2.705446    , 0.000000     , 0.000616     , -2.705446    , 0.000000     , 0.000000     , 0.000000     , 0.087092     , 0.000000     , -4500.000000 , -4500.000000 , -4500.000000 , 100.000000   , -0.001509    , -0.002206    , -0.000755    , 4.999938     , 0.000000     , -0.001509    , -0.000001    , 49.999386    
10.000000    , 22.000000    , 0.001510     , 0.022050     , -2.705447    , 0.000000     , 0.000578     , -2.705446    , 0.000000     , 0.000000     , 0.000000     , 0.087092     , 0.000000     , -4500.000000 , -4500.000000 , -4500.000000 , 100.000000   , -0.001510    , -0.002205    , -0.000755    , 4.999942     , 0.000000     , -0.001510    , -0.000001    , 49.999424    
10.000000    , 22.000000    , 0.001510     , 0.022044     , -2.705448    , 0.000000     , 0.000578     , -2.705446    , 0.000000     , 0.000000     , 0.000000     , 0.087092     , 0.000000     , -4500.000000 , -4500.000000 , -4500.000000 , 100.000000   , -0.001510    , -0.002204    , -0.000755    , 4.999942     , 0.000000     , -0.001510    , -0.000001    , 49.999424    
10.000000    , 22.000000    , 0.001511     , 0.022039     , -2.705448    , 0.000000     , 0.000578     , -2.705446    , 0.000000     , 0.000000     , 0.000000     , 0.087092     , 0.000000     , -4500.000000 , -4500.000000 , -4500.000000 , 100.000000   , -0.001511    , -0.002204    , -0.000755    , 4.999942     , 0.000000     , -0.001511    , -0.000001    , 49.999424    
10.000000    , 22.000000    , 0.001511     , 0.022033     , -2.705449    , 0.000000     , 0.000578     , -2.705446    , 0.000000     , 0.000000     , 0.000000     , 0.087092     , 0.000000     , -4500.000000 , -4500.000000 , -4500.000000 , 100.000000   , -0.001511    , -0.002203    , -0.000756    , 4.999942     , 0.000000     , -0.001511    , -0.000001    , 49.999424    
10.000000    , 22.000000    , 0.001512     , 0.022028     , -2.705449    , 0.000000     , 0.000578     , -2.705449    , 0.000000     , 0.000000     , 0.000000     , 0.087092     , 0.000000     , -4500.000000 , -4500.000000 , -4500.000000 , 100.000000   , -0.001512    , -0.002203    , -0.000756    , 4.999942     , 0.000000     , -0.001512    , -0.000001    , 49.999424    
10.000000    , 22.000000    , 0.001511     , 0.022036     , -2.705449    , 0.000000     , 0.000528     , -2.705449    , 0.000000     , 0.000000     , 0.000000     , 0.087092     , 0.000000     , -4500.000000 , -4500.000000 , -4500.000000 , 100.000000   , -0.001511    , -0.002204    , -0.000756    , 4.999948     , 0.000000     , -0.001511    , -0.000001    , 49.999474    
10.000000    , 22.000000    , 0.001511     , 0.022031     , -2.705450    , 0.000000     , 0.000528     , -2.705449    , 0.000000     , 0.000000     , 0.000000     , 0.087092     , 0.000000     , -4500.000000 , -4500.000000 , -4500.000000 , 100.000000   , -0.001511    , -0.002203    , -0.000756    , 4.999948     , 0.000000     , -0.001511    , -0.000001    , 49.999474    
10.000000    , 22.000000    , 0.001512     , 0.022029     , -2.705451    , 0.000000     , 0.000460     , -2.705449    , 0.000000     , 0.000000     , 0.000000     , 0.087092     , 0.000000     , -4500.000000 , -4500.000000 , -4500.000000 , 100.000000   , -0.001512    , -0.002203    , -0.000756    , 4.999954     , 0.000000     , -0.001512    , -0.000001    , 49.999538    
10.000000    , 22.000000    , 0.001512     , 0.022024     , -2.705451    , 0.000000     , 0.000460     , -2.705449    , 0.000000     , 0.000000     , 0.000000     , 0.087092     , 0.000000     , -4500.000000 , -4500.000000 , -4500.000000 , 100.000000   , -0.001512    , -0.002203    , -0.000756    , 4.999954     , 0.000000     , -0.001512    , -0.000001    , 49.999538    
10.000000    , 22.000000    , 0.001512     , 0.022020     , -2.705452    , 0.000000     , 0.000460     , -2.705451    , 0.000000     , 0.000000     , 0.000000     , 0.087092     , 0.000000     , -4500.000000 , -4500.000000 , -4500.000000 , 100.000000   , -0.001512    , -0.002202    , -0.000756    , 4.999954     , 0.000000     , -0.001512    , -0.000001    , 49.999538    
10.000000    , 22.000000    , 0.001513     , 0.022018     , -2.705453    , 0.000000     , 0.000369     , -2.705451    , 0.000000     , 0.000000     , 0.000000     , 0.087092     , 0.000000     , -4500.000000 , -4500.000000 , -4500.000000 , 100.000000   , -0.001513    , -0.002202    , -0.000756    , 4.999963     , 0.000000     , -0.001513    , -0.000001    , 49.999630    
10.000000    , 22.000000    , 0.001513     , 0.022015     , -2.705454    , 0.000000     , 0.000369     , -2.705451    , 0.000000     , 0.000000     , 0.000000     , 0.087092     , 0.000000     , -4500.000000 , -4500.000000 , -4500.000000 , 100.000000   , -0.001513    , -0.002202    , -0.000757    , 4.999963     , 0.000000     , -0.001513    , -0.000001    , 49.999630    
10.000000    , 22.000000    , 0.001513     , 0.022012     , -2.705455    , 0.000000     , 0.000283     , -2.705451    , 0.000000     , 0.000000     , 0.000000     , 0.087092     , 0.000000     , -4500.000000 , -4500.000000 , -4500.000000 , 100.000000   , -0.001513    , -0.002201    , -0.000757    , 4.999972     , 0.000000     , -0.001513    , -0.000001    , 49.999718    
10.000000    , 22.000000    , 0.001513     , 0.022010     , -2.705456    , 0.000000     , 0.000283     , -2.705451    , 0.000000     , 0.000000     , 0.000000     , 0.087092     , 0.000000     , -4500.000000 , -4500.000000 , -4500.000000 , 100.000000   , -0.001513    , -0.002201    , -0.000757    , 4.999972     , 0.000000     , -0.001513    , -0.000001    , 49.999718    
10.000000    , 22.000000    , 0.001513     , 0.022007     , -2.705457    , 0.000000     , 0.000212     , -2.705456    , 0.000000     , 0.000000     , 0.000000     , 0.087092     , 0.000000     , -4500.000000 , -4500.000000 , -4500.000000 , 100.000000   , -0.001513    , -0.002201    , -0.000757    , 4.999979     , 0.000000     , -0.001513    , -0.000001    , 49.999786    
10.000000    , 22.000000    , 0.001513     , 0.022006     , -2.705457    , 0.000000     , 0.000212     , -2.705456    , 0.000000     , 0.000000     , 0.000000     , 0.087092     , 0.000000     , -4500.000000 , -4500.000000 , -4500.000000 , 100.000000   , -0.001513    , -0.002201    , -0.000757    , 4.999979     , 0.000000     , -0.001513    , -0.000001    , 49.999786    
10.000000    , 22.000000    , 0.001513     , 0.022004     , -2.705458    , 0.000000     , 0.000146     , -2.705456    , 0.000000     , 0.000000     , 0.000000     , 0.087092     , 0.000000     , -4500.000000 , -4500.000000 , -4500.000000 , 100.000000   , -0.001513    , -0.002200    , -0.000757    , 4.999986     , 0.000000     , -0.001513    , -0.000001    , 49.999855    
10.000000    , 22.000000    , 0.001513     , 0.022004     , -2.705458    , 0.000000     , 0.000146     , -2.705456    , 0.000000     , 0.000000     , 0.000000     , 0.087092     , 0.000000     , -4500.000000 , -4500.000000 , -4500.000000 , 100.000000   , -0.001513    , -0.002200    , -0.000757    , 4.999986     , 0.000000     , -0.001513    , -0.000001    , 49.999855    
10.000000    , 22.000000    , 0.001513     , 0.022003     , -2.705459    , 0.000000     , 0.000049     , -2.705456    , 0.000000     , 0.000000     , 0.000000     , 0.087092     , 0.000000     , -4500.000000 , -4500.000000 , -4500.000000 , 100.000000   , -0.001513    , -0.002200    , -0.000757    , 4.999995     , 0.000000     , -0.001513    , -0.000001    , 49.999950    
10.000000    , 22.000000    , 0.001513     , 0.022003     , -2.705459    , 0.000000     , 0.000049     , -2.705459    , 0.000000     , 0.000000     , 0.000000     , 0.087092     , 0.000000     , -4500.000000 , -4500.000000 , -4500.000000 , 100.000000   , -0.001513    , -0.002200    , -0.000757    , 4.999995     , 0.000000     , -0.001513    , -0.000001    , 49.999950    
10.000000    , 22.000000    , 0.001513     , 0.022004     , -2.705460    , 0.000000     , 0.000036     , -2.705459    , 0.000000     , 0.000000     , 0.000000     , 0.087092     , 0.000000     , -4500.000000 , -4500.000000 , -4500.000000 , 100.000000   , -0.001513    , -0.002200    , -0.000756    , 4.999997     , 0.000000     , -0.001513    , -0.000001    , 49.999966    
10.000000    , 22.000000    , 0.001513     , 0.022004     , -2.705460    , 0.000000     , 0.000036     , -2.705459    , 0.000000     , 0.000000     , 0.000000     , 0.087092     , 0.000000     , -4500.000000 , -4500.000000 , -4500.000000 , 100.000000   , -0.001513    , -0.002200    , -0.000756    , 4.999997     , 0.000000     , -0.001513    , -0.000001    , 49.999966    
10.000000    , 22.000000    , 0.001512     , 0.022005     , -2.705461    , 0.000000     , 0.000076     , -2.705459    , 0.000000     , 0.000000     , 0.000000     , 0.087092     , 0.000000     , -4500.000000 , -4500.000000 , -4500.000000 , 100.000000   , -0.001512    , -0.002201    , -0.000756    , 4.999992     , 0.000000     , -0.001512    , -0.000001    , 49.999924    
10.000000    , 22.000000    , 0.001511     , 0.022007     , -2.705462    , 0.000000     , 0.000085     , -2.705459    , 0.000000     , 0.000000     , 0.000000     , 0.087092     , 0.000000     , -4500.000000 , -4500.000000 , -4500.000000 , 100.000000   , -0.001511    , -0.002201    , -0.000755    , 4.999992     , 0.000000     , -0.001511    , -0.000001    , 49.999916    
10.000000    , 22.000000    , 0.001511     , 0.022007     , -2.705462    , 0.000000     , 0.000085     , -2.705462    , 0.000000     , 0.000000     , 0.000000     , 0.087092     , 0.000000     , -4500.000000 , -4500.000000 , -4500.000000 , 100.000000   , -0.001511    , -0.002201    , -0.000755    , 4.999992     , 0.000000     , -0.001511    , -0.000001    , 49.999916    
10.000000    , 22.000000    , 0.001508     , 0.022004     , -2.705463    , 0.000000     , 0.000104     , -2.705462    , 0.000000     , 0.000000     , 0.000000     , 0.087092     , 0.000000     , -4500.000000 , -4500.000000 , -4500.000000 , 100.000000   , -0.001508    , -0.002201    , -0.000754    , 4.999990     , 0.000000     , -0.001508    , -0.000001    , 49.999897    
10.000000    , 22.000000    , 0.001508     , 0.022004     , -2.705463    , 0.000000     , 0.000104     , -2.705462    , 0.000000     , 0.000000     , 0.000000     , 0.087092     , 0.000000     , -4500.000000 , -4500.000000 , -4500.000000 , 100.000000   , -0.001508    , -0.002201    , -0.000754    , 4.999990     , 0.000000     , -0.001508    , -0.000001    , 49.999897    
10.000000    , 22.000000    , 0.001505     , 0.021998     , -2.705463    , 0.000000     , 0.000132     , -2.705462    , 0.000000     , 0.000000     , 0.000000     , 0.087092     , 0.000000     , -4500.000000 , -4500.000000 , -4500.000000 , 100.000000   , -0.001505    , -0.002200    , -0.000753    , 4.999987     , 0.000000     , -0.001505    , -0.000001    , 49.999866    
10.000000    , 22.000000    , 0.001505     , 0.021998     , -2.705463    , 0.000000     , 0.000132     , -2.705462    , 0.000000     , 0.000000     , 0.000000     , 0.087092     , 0.000000     , -4500.000000 , -4500.000000 , -4500.000000 , 100.000000   , -0.001505    , -0.002200    , -0.000753    , 4.999987     , 0.000000     , -0.001505    , -0.000001    , 49.999866    
10.000000    , 22.000000    , 0.001505     , 0.021994     , -2.705464    , 0.000000     , 0.000155     , -2.705463    , 0.000000     , 0.000000     , 0.000000     , 0.087092     , 0.000000     , -4500.000000 , -4500.000000 , -4500.000000 , 100.000000   , -0.001505    , -0.002199    , -0.000753    , 4.999984     , 0.000000     , -0.001505    , -0.000001    , 49.999844    
10.000000    , 22.000000    , 0.001505     , 0.021994     , -2.705465    , 0.000000     , 0.000155     , -2.705463    , 0.000000     , 0.000000     , 0.000000     , 0.087092     , 0.000000     , -4500.000000 , -4500.000000 , -4500.000000 , 100.000000   , -0.001505    , -0.002199    , -0.000753    , 4.999984     , 0.000000     , -0.001505    , -0.000001    , 49.999844    
10.000000    , 22.000000    , 0.001505     , 0.021992     , -2.705466    , 0.000000     , 0.000112     , -2.705463    , 0.000000     , 0.000000     , 0.000000     , 0.087092     , 0.000000     , -4500.000000 , -4500.000000 , -4500.000000 , 100.000000   , -0.001505    , -0.002199    , -0.000753    , 4.999989     , 0.000000     , -0.001505    , -0.000001    , 49.999889    
10.000000    , 22.000000    , 0.001506     , 0.021992     , -2.705467    , 0.000000     , 0.000094     , -2.705463    , 0.000000     , 0.000000     , 0.000000     , 0.087092     , 0.000000     , -4500.000000 , -4500.000000 , -4500.000000 , 100.000000   , -0.001506    , -0.002199    , -0.000753    , 4.999990     , 0.000000     , -0.001506    , -0.000001    , 49.999905    
10.000000    , 22.000000    , 0.001506     , 0.021991     , -2.705467    , 0.000000     , 0.000081     , -2.705463    , 0.000000     , 0.000000     , 0.000000     , 0.087092     , 0.000000     , -4500.000000 , -4500.000000 , -4500.000000 , 100.000000   , -0.001506    , -0.002199    , -0.000753    , 4.999992     , 0.000000     , -0.001506    , -0.000001    , 49.999920    
10.000000    , 22.000000    , 0.001506     , 0.021991     , -2.705468    , 0.000000     , 0.000056     , -2.705467    , 0.000000     , 0.000000     , 0.000000     , 0.087092     , 0.000000     , -4500.000000 , -4500.000000 , -4500.000000 , 100.000000   , -0.001506    , -0.002199    , -0.000753    , 4.999994     , 0.000000     , -0.001506    , -0.000001    , 49.999943    
10.000000    , 22.000000    , 0.001507     , 0.021991     , -2.705469    , 0.000000     , 0.000039     , -2.705467    , 0.000000     , 0.000000     , 0.000000     , 0.087092     , 0.000000     , -4500.000000 , -4500.000000 , -4500.000000 , 100.000000   , -0.001507    , -0.002199    , -0.000753    , 4.999996     , 0.000000     , -0.001507    , -0.000001    , 49.999962    
10.000000    , 22.000000    , 0.001507     , 0.021990     , -2.705470    , 0.000000     , 0.000038     , -2.705467    , 0.000000     , 0.000000     , 0.000000     , 0.087092     , 0.000000     , -4500.000000 , -4500.000000 , -4500.000000 , 100.000000   , -0.001507    , -0.002199    , -0.000753    , 4.999996     , 0.000000     , -0.001507    , -0.000001    , 49.999962    
10.000000    , 22.000000    , 0.001507     , 0.021990     , -2.705471    , 0.000000     , 0.000047     , -2.705467    , 0.000000     , 0.000000     , 0.000000     , 0.087092     , 0.000000     , -4500.000000 , -4500.000000 , -4500.000000 , 100.000000   , -0.001507    , -0.002199    , -0.000753    , 4.999996     , 0.000000     , -0.001507    , -0.000001    , 49.999954    
10.000000    , 22.000000    , 0.001507     , 0.021989     , -2.705471    , 0.000000     , 0.000061     , -2.705467    , 0.000000     , 0.000000     , 0.000000     , 0.087092     , 0.000000     , -4500.000000 , -4500.000000 , -4500.000000 , 100.000000   , -0.001507    , -0.002199    , -0.000753    , 4.999994     , 0.000000     , -0.001507    , -0.000001    , 49.999939    
10.000000    , 22.000000    , 0.001506     , 0.021987     , -2.705472    , 0.000000     , 0.000068     , -2.705471    , 0.000000     , 0.000000     , 0.000000     , 0.087092     , 0.000000     , -4500.000000 , -4500.000000 , -4500.000000 , 100.000000   , -0.001506    , -0.002199    , -0.000753    , 4.999993     , 0.000000     , -0.001506    , -0.000001    , 49.999931    
10.000000    , 22.000000    , 0.001506     , 0.021985     , -2.705472    , 0.000000     , 0.000062     , -2.705471    , 0.000000     , 0.000000     , 0.000000     , 0.087092     , 0.000000     , -4500.000000 , -4500.000000 , -4500.000000 , 100.000000   , -0.001506    , -0.002199    , -0.000753    , 4.999994     , 0.000000     , -0.001506    , -0.000001    , 49.999939    
10.000000    , 22.000000    , 0.001505     , 0.021983     , -2.705472    , 0.000000     , 0.000061     , -2.705471    , 0.000000     , 0.000000     , 0.000000     , 0.087092     , 0.000000     , -4500.000000 , -4500.000000 , -4500.000000 , 100.000000   , -0.001505    , -0.002198    , -0.000752    , 4.999994     , 0.000000     , -0.001505    , -0.000001    , 49.999939    
10.000000    , 22.000000    , 0.001504     , 0.021980     , -2.705472    , 0.000000     , 0.000058     , -2.705471    , 0.000000     , 0.000000     , 0.000000     , 0.087092     , 0.000000     , -4500.000000 , -4500.000000 , -4500.000000 , 100.000000   , -0.001504    , -0.002198    , -0.000752    , 4.999994     , 0.000000     , -0.001504    , -0.000001    , 49.999943    
10.000000    , 22.000000    , 0.001504     , 0.021979     , -2.705472    , 0.000000     , 0.000058     , -2.705471    , 0.000000     , 0.000000     , 0.000000     , 0.087092     , 0.000000     , -4500.000000 , -4500.000000 , -4500.000000 , 100.000000   , -0.001504    , -0.002198    , -0.000752    , 4.999994     , 0.000000     , -0.001504    , -0.000001    , 49.999943    
10.000000    , 22.000000    , 0.001503     , 0.021978     , -2.705471    , 0.000000     , 0.000065     , -2.705472    , 0.000000     , 0.000000     , 0.000000     , 0.087092     , 0.000000     , -4500.000000 , -4500.000000 , -4500.000000 , 100.000000   , -0.001503    , -0.002198    , -0.000752    , 4.999994     , 0.000000     , -0.001503    , -0.000001    , 49.999935    
10.000000    , 22.000000    , 0.001503     , 0.021977     , -2.705471    , 0.000000     , 0.000062     , -2.705472    , 0.000000     , 0.000000     , 0.000000     , 0.087092     , 0.000000     , -4500.000000 , -4500.000000 , -4500.000000 , 100.000000   , -0.001503    , -0.002198    , -0.000751    , 4.999994     , 0.000000     , -0.001503    , -0.000001    , 49.999939    
10.000000    , 22.000000    , 0.001502     , 0.021976     , -2.705470    , 0.000000     , 0.000079     , -2.705472    , 0.000000     , 0.000000     , 0.000000     , 0.087092     , 0.000000     , -4500.000000 , -4500.000000 , -4500.000000 , 100.000000   , -0.001502    , -0.002198    , -0.000751    , 4.999992     , 0.000000     , -0.001502    , -0.000001    , 49.999920    
10.000000    , 22.000000    , 0.001500     , 0.021974     , -2.705469    , 0.000000     , 0.000106     , -2.705472    , 0.000000     , 0.000000     , 0.000000     , 0.087092     , 0.000000     , -4500.000000 , -4500.000000 , -4500.000000 , 100.000000   , -0.001500    , -0.002197    , -0.000750    , 4.999990     , 0.000000     , -0.001500    , -0.000001    , 49.999893    
10.000000    , 22.000000    , 0.001499     , 0.021973     , -2.705468    , 0.000000     , 0.000117     , -2.705472    , 0.000000     , 0.000000     , 0.000000     , 0.087092     , 0.000000     , -4500.000000 , -4500.000000 , -4500.000000 , 100.000000   , -0.001499    , -0.002197    , -0.000749    , 4.999988     , 0.000000     , -0.001499    , -0.000001    , 49.999882    
10.000000    , 22.000000    , 0.001496     , 0.021971     , -2.705466    , 0.000000     , 0.000139     , -2.705468    , 0.000000     , 0.000000     , 0.000000     , 0.087092     , 0.000000     , -4500.000000 , -4500.000000 , -4500.000000 , 100.000000   , -0.001496    , -0.002197    , -0.000748    , 4.999986     , 0.000000     , -0.001496    , -0.000001    , 49.999859    
10.000000    , 22.000000    , 0.001495     , 0.021969     , -2.705465    , 0.000000     , 0.000146     , -2.705468    , 0.000000     , 0.000000     , 0.000000     , 0.087092     , 0.000000     , -4500.000000 , -4500.000000 , -4500.000000 , 100.000000   , -0.001495    , -0.002197    , -0.000747    , 4.999986     , 0.000000     , -0.001495    , -0.000001    , 49.999855    
10.000000    , 22.000000    , 0.001494     , 0.021968     , -2.705463    , 0.000000     , 0.000149     , -2.705468    , 0.000000     , 0.000000     , 0.000000     , 0.087092     , 0.000000     , -4500.000000 , -4500.000000 , -4500.000000 , 100.000000   , -0.001494    , -0.002197    , -0.000747    , 4.999985     , 0.000000     , -0.001494    , -0.000001    , 49.999851    
10.000000    , 22.000000    , 0.001492     , 0.021966     , -2.705462    , 0.000000     , 0.000149     , -2.705468    , 0.000000     , 0.000000     , 0.000000     , 0.087092     , 0.000000     , -4500.000000 , -4500.000000 , -4500.000000 , 100.000000   , -0.001492    , -0.002197    , -0.000746    , 4.999985     , 0.000000     , -0.001492    , -0.000001    , 49.999851    
10.000000    , 22.000000    , 0.001491     , 0.021965     , -2.705461    , 0.000000     , 0.000146     , -2.705468    , 0.000000     , 0.000000     , 0.000000     , 0.087092     , 0.000000     , -4500.000000 , -4500.000000 , -4500.000000 , 100.000000   , -0.001491    , -0.002197    , -0.000746    , 4.999986     , 0.000000     , -0.001491    , -0.000001    , 49.999855    
10.000000    , 22.000000    , 0.001491     , 0.021963     , -2.705459    , 0.000000     , 0.000142     , -2.705461    , 0.000000     , 0.000000     , 0.000000     , 0.087092     , 0.000000     , -4500.000000 , -4500.000000 , -4500.000000 , 100.000000   , -0.001491    , -0.002196    , -0.000745    , 4.999986     , 0.000000     , -0.001491    , -0.000001    , 49.999859    
10.000000    , 22.000000    , 0.001489     , 0.021959     , -2.705456    , 0.000000     , 0.000135     , -2.705461    , 0.000000     , 0.000000     , 0.000000     , 0.087092     , 0.000000     , -4500.000000 , -4500.000000 , -4500.000000 , 100.000000   , -0.001489    , -0.002196    , -0.000745    , 4.999987     , 0.000000     , -0.001489    , -0.000001    , 49.999866    
10.000000    , 22.000000    , 0.001488     , 0.021958     , -2.705455    , 0.000000     , 0.000132     , -2.705461    , 0.000000     , 0.000000     , 0.000000     , 0.087092     , 0.000000     , -4500.000000 , -4500.000000 , -4500.000000 , 100.000000   , -0.001488    , -0.002196    , -0.000744    , 4.999987     , 0.000000     , -0.001488    , -0.000001    , 49.999866    
10.000000    , 22.000000    , 0.001488     , 0.021956     , -2.705454    , 0.000000     , 0.000130     , -2.705461    , 0.000000     , 0.000000     , 0.000000     , 0.087092     , 0.000000     , -4500.000000 , -4500.000000 , -4500.000000 , 100.000000   , -0.001488    , -0.002196    , -0.000744    , 4.999987     , 0.000000     , -0.001488    , -0.000001    , 49.999870    
10.000000    , 22.000000    , 0.001487     , 0.021954     , -2.705452    , 0.000000     , 0.000129     , -2.705461    , 0.000000     , 0.000000     , 0.000000     , 0.087092     , 0.000000     , -4500.000000 , -4500.000000 , -4500.000000 , 100.000000   , -0.001487    , -0.002195    , -0.000744    , 4.999987     , 0.000000     , -0.001487    , -0.000001    , 49.999870    
10.000000    , 22.000000    , 0.001487     , 0.021953     , -2.705451    , 0.000000     , 0.000127     , -2.705452    , 0.000000     , 0.000000     , 0.000000     , 0.087092     , 0.000000     , -4500.000000 , -4500.000000 , -4500.000000 , 100.000000   , -0.001487    , -0.002195    , -0.000743    , 4.999988     , 0.000000     , -0.001487    , -0.000001    , 49.999874    
10.000000    , 22.000000    , 0.001487     , 0.021953     , -2.705448    , 0.000000     , 0.000102     , -2.705452    , 0.000000     , 0.000000     , 0.000000     , 0.087092     , 0.000000     , -4500.000000 , -4500.000000 , -4500.000000 , 100.000000   , -0.001487    , -0.002195    , -0.000743    , 4.999990     , 0.000000     , -0.001487    , -0.000001    , 49.999897    
10.000000    , 22.000000    , 0.001487     , 0.021952     , -2.705447    , 0.000000     , 0.000090     , -2.705452    , 0.000000     , 0.000000     , 0.000000     , 0.087092     , 0.000000     , -4500.000000 , -4500.000000 , -4500.000000 , 100.000000   , -0.001487    , -0.002195    , -0.000743    , 4.999991     , 0.000000     , -0.001487    , -0.000001    , 49.999908    
10.000000    , 22.000000    , 0.001486     , 0.021952     , -2.705446    , 0.000000     , 0.000082     , -2.705452    , 0.000000     , 0.000000     , 0.000000     , 0.087092     , 0.000000     , -4500.000000 , -4500.000000 , -4500.000000 , 100.000000   , -0.001486    , -0.002195    , -0.000743    , 4.999992     , 0.000000     , -0.001486    , -0.000001    , 49.999920    
10.000000    , 22.000000    , 0.001486     , 0.021953     , -2.705445    , 0.000000     , 0.000067     , -2.705452    , 0.000000     , 0.000000     , 0.000000     , 0.087092     , 0.000000     , -4500.000000 , -4500.000000 , -4500.000000 , 100.000000   , -0.001486    , -0.002195    , -0.000743    , 4.999994     , 0.000000     , -0.001486    , -0.000001    , 49.999935    
10.000000    , 22.000000    , 0.001486     , 0.021953     , -2.705444    , 0.000000     , 0.000054     , -2.705445    , 0.000000     , 0.000000     , 0.000000     , 0.087092     , 0.000000     , -4500.000000 , -4500.000000 , -4500.000000 , 100.000000   , -0.001486    , -0.002195    , -0.000743    , 4.999995     , 0.000000     , -0.001486    , -0.000001    , 49.999947    
10.000000    , 22.000000    , 0.001487     , 0.021954     , -2.705441    , 0.000000     , 0.000036     , -2.705445    , 0.000000     , 0.000000     , 0.000000     , 0.087092     , 0.000000     , -4500.000000 , -4500.000000 , -4500.000000 , 100.000000   , -0.001487    , -0.002195    , -0.000743    , 4.999997     , 0.000000     , -0.001487    , -0.000001    , 49.999966    
10.000000    , 22.000000    , 0.001487     , 0.021955     , -2.705441    , 0.000000     , 0.000042     , -2.705445    , 0.000000     , 0.000000     , 0.000000     , 0.087092     , 0.000000     , -4500.000000 , -4500.000000 , -4500.000000 , 100.000000   , -0.001487    , -0.002196    , -0.000743    , 4.999996     , 0.000000     , -0.001487    , -0.000001    , 49.999958    
10.000000    , 22.000000    , 0.001487     , 0.021956     , -2.705440    , 0.000000     , 0.000060     , -2.705445    , 0.000000     , 0.000000     , 0.000000     , 0.087092     , 0.000000     , -4500.000000 , -4500.000000 , -4500.000000 , 100.000000   , -0.001487    , -0.002196    , -0.000744    , 4.999994     , 0.000000     , -0.001487    , -0.000001    , 49.999939    
10.000000    , 22.000000    , 0.001487     , 0.021958     , -2.705439    , 0.000000     , 0.000077     , -2.705445    , 0.000000     , 0.000000     , 0.000000     , 0.087092     , 0.000000     , -4500.000000 , -4500.000000 , -4500.000000 , 100.000000   , -0.001487    , -0.002196    , -0.000744    , 4.999992     , 0.000000     , -0.001487    , -0.000001    , 49.999924    
10.000000    , 22.000000    , 0.001488     , 0.021960     , -2.705439    , 0.000000     , 0.000091     , -2.705439    , 0.000000     , 0.000000     , 0.000000     , 0.087092     , 0.000000     , -4500.000000 , -4500.000000 , -4500.000000 , 100.000000   , -0.001488    , -0.002196    , -0.000744    , 4.999991     , 0.000000     , -0.001488    , -0.000001    , 49.999908    
10.000000    , 22.000000    , 0.001488     , 0.021964     , -2.705439    , 0.000000     , 0.000114     , -2.705439    , 0.000000     , 0.000000     , 0.000000     , 0.087092     , 0.000000     , -4500.000000 , -4500.000000 , -4500.000000 , 100.000000   , -0.001488    , -0.002196    , -0.000744    , 4.999989     , 0.000000     , -0.001488    , -0.000001    , 49.999886    
10.000000    , 22.000000    , 0.001489     , 0.021966     , -2.705439    , 0.000000     , 0.000129     , -2.705439    , 0.000000     , 0.000000     , 0.000000     , 0.087092     , 0.000000     , -4500.000000 , -4500.000000 , -4500.000000 , 100.000000   , -0.001489    , -0.002197    , -0.000744    , 4.999987     , 0.000000     , -0.001489    , -0.000001    , 49.999870    
10.000000    , 22.000000    , 0.001489     , 0.021969     , -2.705439    , 0.000000     , 0.000146     , -2.705439    , 0.000000     , 0.000000     , 0.000000     , 0.087092     , 0.000000     , -4500.000000 , -4500.000000 , -4500.000000 , 100.000000   , -0.001489    , -0.002197    , -0.000745    , 4.999986     , 0.000000     , -0.001489    , -0.000001    , 49.999855    
10.000000    , 22.000000    , 0.001490     , 0.021971     , -2.705439    , 0.000000     , 0.000166     , -2.705439    , 0.000000     , 0.000000     , 0.000000     , 0.087092     , 0.000000     , -4500.000000 , -4500.000000 , -4500.000000 , 100.000000   , -0.001490    , -0.002197    , -0.000745    , 4.999983     , 0.000000     , -0.001490    , -0.000001    , 49.999832    
10.000000    , 22.000000    , 0.001491     , 0.021974     , -2.705439    , 0.000000     , 0.000184     , -2.705439    , 0.000000     , 0.000000     , 0.000000     , 0.087092     , 0.000000     , -4500.000000 , -4500.000000 , -4500.000000 , 100.000000   , -0.001491    , -0.002198    , -0.000745    , 4.999982     , 0.000000     , -0.001491    , -0.000001    , 49.999817    
10.000000    , 22.000000    , 0.001492     , 0.021980     , -2.705440    , 0.000000     , 0.000209     , -2.705439    , 0.000000     , 0.000000     , 0.000000     , 0.087092     , 0.000000     , -4500.000000 , -4500.000000 , -4500.000000 , 100.000000   , -0.001492    , -0.002198    , -0.000746    , 4.999979     , 0.000000     , -0.001492    , -0.000001    , 49.999790    
10.000000    , 22.000000    , 0.001492     , 0.021983     , -2.705441    , 0.000000     , 0.000219     , -2.705439    , 0.000000     , 0.000000     , 0.000000     , 0.087092     , 0.000000     , -4500.000000 , -4500.000000 , -4500.000000 , 100.000000   , -0.001492    , -0.002198    , -0.000746    , 4.999979     , 0.000000     , -0.001492    , -0.000001    , 49.999783    
10.000000    , 22.000000    , 0.001493     , 0.021987     , -2.705442    , 0.000000     , 0.000227     , -2.705439    , 0.000000     , 0.000000     , 0.000000     , 0.087092     , 0.000000     , -4500.000000 , -4500.000000 , -4500.000000 , 100.000000   , -0.001493    , -0.002199    , -0.000747    , 4.999977     , 0.000000     , -0.001493    , -0.000001    , 49.999771    
10.000000    , 22.000000    , 0.001494     , 0.021990     , -2.705442    , 0.000000     , 0.000233     , -2.705439    , 0.000000     , 0.000000     , 0.000000     , 0.087092     , 0.000000     , -4500.000000 , -4500.000000 , -4500.000000 , 100.000000   , -0.001494    , -0.002199    , -0.000747    , 4.999977     , 0.000000     , -0.001494    , -0.000001    , 49.999767    
10.000000    , 22.000000    , 0.001496     , 0.022000     , -2.705444    , 0.000000     , 0.000246     , -2.705442    , 0.000000     , 0.000000     , 0.000000     , 0.087092     , 0.000000     , -4500.000000 , -4500.000000 , -4500.000000 , 100.000000   , -0.001496    , -0.002200    , -0.000748    , 4.999975     , 0.000000     , -0.001496    , -0.000001    , 49.999752    
10.000000    , 22.000000    , 0.001496     , 0.022000     , -2.705444    , 0.000000     , 0.000246     , -2.705442    , 0.000000     , 0.000000     , 0.000000     , 0.087092     , 0.000000     , -4500.000000 , -4500.000000 , -4500.000000 , 100.000000   , -0.001496    , -0.002200    , -0.000748    , 4.999975     , 0.000000     , -0.001496    , -0.000001    , 49.999752    
10.000000    , 22.000000    , 0.001497     , 0.022005     , -2.705446    , 0.000000     , 0.000257     , -2.705442    , 0.000000     , 0.000000     , 0.000000     , 0.087092     , 0.000000     , -4500.000000 , -4500.000000 , -4500.000000 , 100.000000   , -0.001497    , -0.002201    , -0.000748    , 4.999975     , 0.000000     , -0.001497    , -0.000001    , 49.999744    
10.000000    , 22.000000    , 0.001498     , 0.022011     , -2.705447    , 0.000000     , 0.000284     , -2.705442    , 0.000000     , 0.000000     , 0.000000     , 0.087092     , 0.000000     , -4500.000000 , -4500.000000 , -4500.000000 , 100.000000   , -0.001498    , -0.002201    , -0.000749    , 4.999972     , 0.000000     , -0.001498    , -0.000001    , 49.999718    
10.000000    , 22.000000    , 0.001499     , 0.022017     , -2.705449    , 0.000000     , 0.000304     , -2.705442    , 0.000000     , 0.000000     , 0.000000     , 0.087092     , 0.000000     , -4500.000000 , -4500.000000 , -4500.000000 , 100.000000   , -0.001499    , -0.002202    , -0.000750    , 4.999969     , 0.000000     , -0.001499    , -0.000001    , 49.999695    
10.000000    , 22.000000    , 0.001500     , 0.022021     , -2.705449    , 0.000000     , 0.000313     , -2.705449    , 0.000000     , 0.000000     , 0.000000     , 0.087092     , 0.000000     , -4500.000000 , -4500.000000 , -4500.000000 , 100.000000   , -0.001500    , -0.002202    , -0.000750    , 4.999969     , 0.000000     , -0.001500    , -0.000001    , 49.999687    
10.000000    , 22.000000    , 0.001501     , 0.022024     , -2.705450    , 0.000000     , 0.000322     , -2.705449    , 0.000000     , 0.000000     , 0.000000     , 0.087092     , 0.000000     , -4500.000000 , -4500.000000 , -4500.000000 , 100.000000   , -0.001501    , -0.002203    , -0.000751    , 4.999968     , 0.000000     , -0.001501    , -0.000001    , 49.999680    
10.000000    , 22.000000    , 0.001503     , 0.022032     , -2.705452    , 0.000000     , 0.000338     , -2.705449    , 0.000000     , 0.000000     , 0.000000     , 0.087092     , 0.000000     , -4500.000000 , -4500.000000 , -4500.000000 , 100.000000   , -0.001503    , -0.002203    , -0.000751    , 4.999967     , 0.000000     , -0.001503    , -0.000001    , 49.999664    
10.000000    , 22.000000    , 0.001504     , 0.022036     , -2.705454    , 0.000000     , 0.000344     , -2.705449    , 0.000000     , 0.000000     , 0.000000     , 0.087092     , 0.000000     , -4500.000000 , -4500.000000 , -4500.000000 , 100.000000   , -0.001504    , -0.002204    , -0.000752    , 4.999966     , 0.000000     , -0.001504    , -0.000001    , 49.999657    
10.000000    , 22.000000    , 0.001505     , 0.022040     , -2.705455    , 0.000000     , 0.000346     , -2.705449    , 0.000000     , 0.000000     , 0.000000     , 0.087092     , 0.000000     , -4500.000000 , -4500.000000 , -4500.000000 , 100.000000   , -0.001505    , -0.002204    , -0.000752    , 4.999965     , 0.000000     , -0.001505    , -0.000001    , 49.999653    
10.000000    , 22.000000    , 0.001506     , 0.022044     , -2.705456    , 0.000000     , 0.000349     , -2.705455    , 0.000000     , 0.000000     , 0.000000     , 0.087092     , 0.000000     , -4500.000000 , -4500.000000 , -4500.000000 , 100.000000   , -0.001506    , -0.002204    , -0.000753    , 4.999965     , 0.000000     , -0.001506    , -0.000001    , 49.999649    
10.000000    , 22.000000    , 0.001506     , 0.022048     , -2.705457    , 0.000000     , 0.000354     , -2.705455    , 0.000000     , 0.000000     , 0.000000     , 0.087092     , 0.000000     , -4500.000000 , -4500.000000 , -4500.000000 , 100.000000   , -0.001506    , -0.002205    , -0.000753    , 4.999965     , 0.000000     , -0.001506    , -0.000001    , 49.999645    
10.000000    , 22.000000    , 0.001508     , 0.022054     , -2.705459    , 0.000000     , 0.000366     , -2.705455    , 0.000000     , 0.000000     , 0.000000     , 0.087092     , 0.000000     , -4500.000000 , -4500.000000 , -4500.000000 , 100.000000   , -0.001508    , -0.002205    , -0.000754    , 4.999963     , 0.000000     , -0.001508    , -0.000001    , 49.999634    
10.000000    , 22.000000    , 0.001508     , 0.022057     , -2.705460    , 0.000000     , 0.000365     , -2.705455    , 0.000000     , 0.000000     , 0.000000     , 0.087092     , 0.000000     , -4500.000000 , -4500.000000 , -4500.000000 , 100.000000   , -0.001508    , -0.002206    , -0.000754    , 4.999963     , 0.000000     , -0.001508    , -0.000001    , 49.999634    
10.000000    , 22.000000    , 0.001509     , 0.022061     , -2.705461    , 0.000000     , 0.000356     , -2.705455    , 0.000000     , 0.000000     , 0.000000     , 0.087092     , 0.000000     , -4500.000000 , -4500.000000 , -4500.000000 , 100.000000   , -0.001509    , -0.002206    , -0.000754    , 4.999965     , 0.000000     , -0.001509    , -0.000001    , 49.999645    
10.000000    , 22.000000    , 0.001509     , 0.022064     , -2.705462    , 0.000000     , 0.000340     , -2.705461    , 0.000000     , 0.000000     , 0.000000     , 0.087092     , 0.000000     , -4500.000000 , -4500.000000 , -4500.000000 , 100.000000   , -0.001509    , -0.002206    , -0.000754    , 4.999966     , 0.000000     , -0.001509    , -0.000001    , 49.999660    
10.000000    , 22.000000    , 0.001509     , 0.022067     , -2.705462    , 0.000000     , 0.000320     , -2.705461    , 0.000000     , 0.000000     , 0.000000     , 0.087092     , 0.000000     , -4500.000000 , -4500.000000 , -4500.000000 , 100.000000   , -0.001509    , -0.002207    , -0.000755    , 4.999968     , 0.000000     , -0.001509    , -0.000001    , 49.999680    
10.000000    , 22.000000    , 0.001509     , 0.022072     , -2.705463    , 0.000000     , 0.000287     , -2.705461    , 0.000000     , 0.000000     , 0.000000     , 0.087092     , 0.000000     , -4500.000000 , -4500.000000 , -4500.000000 , 100.000000   , -0.001509    , -0.002207    , -0.000755    , 4.999971     , 0.000000     , -0.001509    , -0.000001    , 49.999714    
10.000000    , 22.000000    , 0.001509     , 0.022074     , -2.705463    , 0.000000     , 0.000273     , -2.705461    , 0.000000     , 0.000000     , 0.000000     , 0.087092     , 0.000000     , -4500.000000 , -4500.000000 , -4500.000000 , 100.000000   , -0.001509    , -0.002207    , -0.000754    , 4.999973     , 0.000000     , -0.001509    , -0.000001    , 49.999725    
10.000000    , 22.000000    , 0.001509     , 0.022076     , -2.705464    , 0.000000     , 0.000260     , -2.705461    , 0.000000     , 0.000000     , 0.000000     , 0.087092     , 0.000000     , -4500.000000 , -4500.000000 , -4500.000000 , 100.000000   , -0.001509    , -0.002208    , -0.000754    , 4.999974     , 0.000000     , -0.001509    , -0.000001    , 49.999741    
10.000000    , 22.000000    , 0.001508     , 0.022078     , -2.705464    , 0.000000     , 0.000246     , -2.705464    , 0.000000     , 0.000000     , 0.000000     , 0.087092     , 0.000000     , -4500.000000 , -4500.000000 , -4500.000000 , 100.000000   , -0.001508    , -0.002208    , -0.000754    , 4.999975     , 0.000000     , -0.001508    , -0.000001    , 49.999752    
10.000000    , 22.000000    , 0.001508     , 0.022080     , -2.705464    , 0.000000     , 0.000232     , -2.705464    , 0.000000     , 0.000000     , 0.000000     , 0.087092     , 0.000000     , -4500.000000 , -4500.000000 , -4500.000000 , 100.000000   , -0.001508    , -0.002208    , -0.000754    , 4.999977     , 0.000000     , -0.001508    , -0.000001    , 49.999767    
10.000000    , 22.000000    , 0.001507     , 0.022083     , -2.705464    , 0.000000     , 0.000201     , -2.705464    , 0.000000     , 0.000000     , 0.000000     , 0.087092     , 0.000000     , -4500.000000 , -4500.000000 , -4500.000000 , 100.000000   , -0.001507    , -0.002208    , -0.000753    , 4.999980     , 0.000000     , -0.001507    , -0.000001    , 49.999798    
10.000000    , 22.000000    , 0.001506     , 0.022084     , -2.705465    , 0.000000     , 0.000186     , -2.705464    , 0.000000     , 0.000000     , 0.000000     , 0.087092     , 0.000000     , -4500.000000 , -4500.000000 , -4500.000000 , 100.000000   , -0.001506    , -0.002208    , -0.000753    , 4.999981     , 0.000000     , -0.001506    , -0.000001    , 49.999813    
10.000000    , 22.000000    , 0.001504     , 0.022086     , -2.705465    , 0.000000     , 0.000157     , -2.705464    , 0.000000     , 0.000000     , 0.000000     , 0.087092     , 0.000000     , -4500.000000 , -4500.000000 , -4500.000000 , 100.000000   , -0.001504    , -0.002209    , -0.000752    , 4.999984     , 0.000000     , -0.001504    , -0.000001    , 49.999844    
10.000000    , 22.000000    , 0.001503     , 0.022087     , -2.705465    , 0.000000     , 0.000151     , -2.705465    , 0.000000     , 0.000000     , 0.000000     , 0.087092     , 0.000000     , -4500.000000 , -4500.000000 , -4500.000000 , 100.000000   , -0.001503    , -0.002209    , -0.000751    , 4.999985     , 0.000000     , -0.001503    , -0.000001    , 49.999847    
10.000000    , 22.000000    , 0.001502     , 0.022088     , -2.705464    , 0.000000     , 0.000140     , -2.705465    , 0.000000     , 0.000000     , 0.000000     , 0.087092     , 0.000000     , -4500.000000 , -4500.000000 , -4500.000000 , 100.000000   , -0.001502    , -0.002209    , -0.000751    , 4.999986     , 0.000000     , -0.001502    , -0.000001    , 49.999859    
10.000000    , 22.000000    , 0.001500     , 0.022089     , -2.705464    , 0.000000     , 0.000131     , -2.705465    , 0.000000     , 0.000000     , 0.000000     , 0.087092     , 0.000000     , -4500.000000 , -4500.000000 , -4500.000000 , 100.000000   , -0.001500    , -0.002209    , -0.000750    , 4.999987     , 0.000000     , -0.001500    , -0.000001    , 49.999870    
10.000000    , 22.000000    , 0.001499     , 0.022089     , -2.705464    , 0.000000     , 0.000125     , -2.705465    , 0.000000     , 0.000000     , 0.000000     , 0.087092     , 0.000000     , -4500.000000 , -4500.000000 , -4500.000000 , 100.000000   , -0.001499    , -0.002209    , -0.000750    , 4.999988     , 0.000000     , -0.001499    , -0.000001    , 49.999874    
10.000000    , 22.000000    , 0.001496     , 0.022085     , -2.705463    , 0.000000     , 0.000159     , -2.705465    , 0.000000     , 0.000000     , 0.000000     , 0.087092     , 0.000000     , -4500.000000 , -4500.000000 , -4500.000000 , 100.000000   , -0.001496    , -0.002209    , -0.000748    , 4.999984     , 0.000000     , -0.001496    , -0.000001    , 49.999840    
10.000000    , 22.000000    , 0.001495     , 0.022083     , -2.705463    , 0.000000     , 0.000168     , -2.705463    , 0.000000     , 0.000000     , 0.000000     , 0.087092     , 0.000000     , -4500.000000 , -4500.000000 , -4500.000000 , 100.000000   , -0.001495    , -0.002208    , -0.000747    , 4.999983     , 0.000000     , -0.001495    , -0.000001    , 49.999832    
10.000000    , 22.000000    , 0.001493     , 0.022078     , -2.705463    , 0.000000     , 0.000181     , -2.705463    , 0.000000     , 0.000000     , 0.000000     , 0.087092     , 0.000000     , -4500.000000 , -4500.000000 , -4500.000000 , 100.000000   , -0.001493    , -0.002208    , -0.000747    , 4.999982     , 0.000000     , -0.001493    , -0.000001    , 49.999817    
10.000000    , 22.000000    , 0.001492     , 0.022072     , -2.705462    , 0.000000     , 0.000201     , -2.705463    , 0.000000     , 0.000000     , 0.000000     , 0.087092     , 0.000000     , -4500.000000 , -4500.000000 , -4500.000000 , 100.000000   , -0.001492    , -0.002207    , -0.000746    , 4.999980     , 0.000000     , -0.001492    , -0.000001    , 49.999798    
10.000000    , 22.000000    , 0.001492     , 0.022069     , -2.705462    , 0.000000     , 0.000207     , -2.705463    , 0.000000     , 0.000000     , 0.000000     , 0.087092     , 0.000000     , -4500.000000 , -4500.000000 , -4500.000000 , 100.000000   , -0.001492    , -0.002207    , -0.000746    , 4.999979     , 0.000000     , -0.001492    , -0.000001    , 49.999794    
10.000000    , 22.000000    , 0.001492     , 0.022064     , -2.705462    , 0.000000     , 0.000215     , -2.705463    , 0.000000     , 0.000000     , 0.000000     , 0.087092     , 0.000000     , -4500.000000 , -4500.000000 , -4500.000000 , 100.000000   , -0.001492    , -0.002207    , -0.000746    , 4.999979     , 0.000000     , -0.001492    , -0.000001    , 49.999786    
10.000000    , 22.000000    , 0.001492     , 0.022062     , -2.705461    , 0.000000     , 0.000214     , -2.705462    , 0.000000     , 0.000000     , 0.000000     , 0.087092     , 0.000000     , -4500.000000 , -4500.000000 , -4500.000000 , 100.000000   , -0.001492    , -0.002206    , -0.000746    , 4.999979     , 0.000000     , -0.001492    , -0.000001    , 49.999786    
10.000000    , 22.000000    , 0.001493     , 0.022058     , -2.705461    , 0.000000     , 0.000202     , -2.705462    , 0.000000     , 0.000000     , 0.000000     , 0.087092     , 0.000000     , -4500.000000 , -4500.000000 , -4500.000000 , 100.000000   , -0.001493    , -0.002206    , -0.000747    , 4.999980     , 0.000000     , -0.001493    , -0.000001    , 49.999798    
10.000000    , 22.000000    , 0.001494     , 0.022055     , -2.705462    , 0.000000     , 0.000193     , -2.705462    , 0.000000     , 0.000000     , 0.000000     , 0.087092     , 0.000000     , -4500.000000 , -4500.000000 , -4500.000000 , 100.000000   , -0.001494    , -0.002206    , -0.000747    , 4.999981     , 0.000000     , -0.001494    , -0.000001    , 49.999809    
10.000000    , 22.000000    , 0.001494     , 0.022053     , -2.705462    , 0.000000     , 0.000184     , -2.705462    , 0.000000     , 0.000000     , 0.000000     , 0.087092     , 0.000000     , -4500.000000 , -4500.000000 , -4500.000000 , 100.000000   , -0.001494    , -0.002205    , -0.000747    , 4.999982     , 0.000000     , -0.001494    , -0.000001    , 49.999817    
10.000000    , 22.000000    , 0.001495     , 0.022050     , -2.705462    , 0.000000     , 0.000179     , -2.705462    , 0.000000     , 0.000000     , 0.000000     , 0.087092     , 0.000000     , -4500.000000 , -4500.000000 , -4500.000000 , 100.000000   , -0.001495    , -0.002205    , -0.000747    , 4.999982     , 0.000000     , -0.001495    , -0.000001    , 49.999821    
10.000000    , 22.000000    , 0.001497     , 0.022046     , -2.705463    , 0.000000     , 0.000175     , -2.705462    , 0.000000     , 0.000000     , 0.000000     , 0.087092     , 0.000000     , -4500.000000 , -4500.000000 , -4500.000000 , 100.000000   , -0.001497    , -0.002205    , -0.000748    , 4.999982     , 0.000000     , -0.001497    , -0.000001    , 49.999825    
10.000000    , 22.000000    , 0.001497     , 0.022044     , -2.705464    , 0.000000     , 0.000174     , -2.705462    , 0.000000     , 0.000000     , 0.000000     , 0.087092     , 0.000000     , -4500.000000 , -4500.000000 , -4500.000000 , 100.000000   , -0.001497    , -0.002204    , -0.000749    , 4.999982     , 0.000000     , -0.001497    , -0.000001    , 49.999825    
10.000000    , 22.000000    , 0.001498     , 0.022042     , -2.705465    , 0.000000     , 0.000172     , -2.705462    , 0.000000     , 0.000000     , 0.000000     , 0.087092     , 0.000000     , -4500.000000 , -4500.000000 , -4500.000000 , 100.000000   , -0.001498    , -0.002204    , -0.000749    , 4.999983     , 0.000000     , -0.001498    , -0.000001    , 49.999828    
10.000000    , 22.000000    , 0.001499     , 0.022040     , -2.705466    , 0.000000     , 0.000168     , -2.705462    , 0.000000     , 0.000000     , 0.000000     , 0.087092     , 0.000000     , -4500.000000 , -4500.000000 , -4500.000000 , 100.000000   , -0.001499    , -0.002204    , -0.000750    , 4.999983     , 0.000000     , -0.001499    , -0.000001    , 49.999832    
10.000000    , 22.000000    , 0.001500     , 0.022038     , -2.705467    , 0.000000     , 0.000157     , -2.705462    , 0.000000     , 0.000000     , 0.000000     , 0.087092     , 0.000000     , -4500.000000 , -4500.000000 , -4500.000000 , 100.000000   , -0.001500    , -0.002204    , -0.000750    , 4.999984     , 0.000000     , -0.001500    , -0.000001    , 49.999844    
10.000000    , 22.000000    , 0.001502     , 0.022036     , -2.705470    , 0.000000     , 0.000135     , -2.705467    , 0.000000     , 0.000000     , 0.000000     , 0.087092     , 0.000000     , -4500.000000 , -4500.000000 , -4500.000000 , 100.000000   , -0.001502    , -0.002204    , -0.000751    , 4.999987     , 0.000000     , -0.001502    , -0.000001    , 49.999866    
10.000000    , 22.000000    , 0.001503     , 0.022036     , -2.705471    , 0.000000     , 0.000129     , -2.705467    , 0.000000     , 0.000000     , 0.000000     , 0.087092     , 0.000000     , -4500.000000 , -4500.000000 , -4500.000000 , 100.000000   , -0.001503    , -0.002204    , -0.000751    , 4.999987     , 0.000000     , -0.001503    , -0.000001    , 49.999870    
10.000000    , 22.000000    , 0.001504     , 0.022036     , -2.705472    , 0.000000     , 0.000126     , -2.705467    , 0.000000     , 0.000000     , 0.000000     , 0.087092     , 0.000000     , -4500.000000 , -4500.000000 , -4500.000000 , 100.000000   , -0.001504    , -0.002204    , -0.000752    , 4.999988     , 0.000000     , -0.001504    , -0.000001    , 49.999874    
10.000000    , 22.000000    , 0.001504     , 0.022035     , -2.705475    , 0.000000     , 0.000127     , -2.705467    , 0.000000     , 0.000000     , 0.000000     , 0.087092     , 0.000000     , -4500.000000 , -4500.000000 , -4500.000000 , 100.000000   , -0.001504    , -0.002204    , -0.000752    , 4.999988     , 0.000000     , -0.001504    , -0.000001    , 49.999874    
10.000000    , 22.000000    , 0.001505     , 0.022035     , -2.705476    , 0.000000     , 0.000127     , -2.705467    , 0.000000     , 0.000000     , 0.000000     , 0.087092     , 0.000000     , -4500.000000 , -4500.000000 , -4500.000000 , 100.000000   , -0.001505    , -0.002204    , -0.000752    , 4.999988     , 0.000000     , -0.001505    , -0.000001    , 49.999874    
10.000000    , 22.000000    , 0.001506     , 0.022035     , -2.705479    , 0.000000     , 0.000123     , -2.705476    , 0.000000     , 0.000000     , 0.000000     , 0.087092     , 0.000000     , -4500.000000 , -4500.000000 , -4500.000000 , 100.000000   , -0.001506    , -0.002204    , -0.000753    , 4.999988     , 0.000000     , -0.001506    , -0.000001    , 49.999878    
10.000000    , 22.000000    , 0.001506     , 0.022035     , -2.705481    , 0.000000     , 0.000117     , -2.705476    , 0.000000     , 0.000000     , 0.000000     , 0.087092     , 0.000000     , -4500.000000 , -4500.000000 , -4500.000000 , 100.000000   , -0.001506    , -0.002204    , -0.000753    , 4.999988     , 0.000000     , -0.001506    , -0.000001    , 49.999882    
10.000000    , 22.000000    , 0.001506     , 0.022035     , -2.705482    , 0.000000     , 0.000099     , -2.705476    , 0.000000     , 0.000000     , 0.000000     , 0.087092     , 0.000000     , -4500.000000 , -4500.000000 , -4500.000000 , 100.000000   , -0.001506    , -0.002204    , -0.000753    , 4.999990     , 0.000000     , -0.001506    , -0.000001    , 49.999901    
10.000000    , 22.000000    , 0.001506     , 0.022035     , -2.705483    , 0.000000     , 0.000099     , -2.705476    , 0.000000     , 0.000000     , 0.000000     , 0.087092     , 0.000000     , -4500.000000 , -4500.000000 , -4500.000000 , 100.000000   , -0.001506    , -0.002204    , -0.000753    , 4.999990     , 0.000000     , -0.001506    , -0.000001    , 49.999901    
10.000000    , 22.000000    , 0.001506     , 0.022034     , -2.705484    , 0.000000     , 0.000077     , -2.705476    , 0.000000     , 0.000000     , 0.000000     , 0.087092     , 0.000000     , -4500.000000 , -4500.000000 , -4500.000000 , 100.000000   , -0.001506    , -0.002203    , -0.000753    , 4.999992     , 0.000000     , -0.001506    , -0.000001    , 49.999924    
10.000000    , 22.000000    , 0.001506     , 0.022033     , -2.705485    , 0.000000     , 0.000019     , -2.705484    , 0.000000     , 0.000000     , 0.000000     , 0.087092     , 0.000000     , -4500.000000 , -4500.000000 , -4500.000000 , 100.000000   , -0.001506    , -0.002203    , -0.000753    , 4.999998     , 0.000000     , -0.001506    , -0.000001    , 49.999981    
10.000000    , 22.000000    , 0.001506     , 0.022032     , -2.705486    , 0.000000     , 0.000013     , -2.705484    , 0.000000     , 0.000000     , 0.000000     , 0.087092     , 0.000000     , -4500.000000 , -4500.000000 , -4500.000000 , 100.000000   , -0.001506    , -0.002203    , -0.000753    , 4.999999     , 0.000000     , -0.001506    , -0.000001    , 49.999989    
10.000000    , 22.000000    , 0.001506     , 0.022032     , -2.705486    , 0.000000     , 0.000024     , -2.705484    , 0.000000     , 0.000000     , 0.000000     , 0.087092     , 0.000000     , -4500.000000 , -4500.000000 , -4500.000000 , 100.000000   , -0.001506    , -0.002203    , -0.000753    , 4.999998     , 0.000000     , -0.001506    , -0.000001    , 49.999977    
10.000000    , 22.000000    , 0.001505     , 0.022032     , -2.705486    , 0.000000     , 0.000039     , -2.705484    , 0.000000     , 0.000000     , 0.000000     , 0.087092     , 0.000000     , -4500.000000 , -4500.000000 , -4500.000000 , 100.000000   , -0.001505    , -0.002203    , -0.000753    , 4.999996     , 0.000000     , -0.001505    , -0.000001    , 49.999962    
10.000000    , 22.000000    , 0.001505     , 0.022032     , -2.705486    , 0.000000     , 0.000042     , -2.705484    , 0.000000     , 0.000000     , 0.000000     , 0.087092     , 0.000000     , -4500.000000 , -4500.000000 , -4500.000000 , 100.000000   , -0.001505    , -0.002203    , -0.000752    , 4.999996     , 0.000000     , -0.001505    , -0.000001    , 49.999958    
10.000000    , 22.000000    , 0.001504     , 0.022031     , -2.705485    , 0.000000     , 0.000073     , -2.705486    , 0.000000     , 0.000000     , 0.000000     , 0.087092     , 0.000000     , -4500.000000 , -4500.000000 , -4500.000000 , 100.000000   , -0.001504    , -0.002203    , -0.000752    , 4.999993     , 0.000000     , -0.001504    , -0.000001    , 49.999928    
10.000000    , 22.000000    , 0.001503     , 0.022029     , -2.705485    , 0.000000     , 0.000109     , -2.705486    , 0.000000     , 0.000000     , 0.000000     , 0.087092     , 0.000000     , -4500.000000 , -4500.000000 , -4500.000000 , 100.000000   , -0.001503    , -0.002203    , -0.000751    , 4.999989     , 0.000000     , -0.001503    , -0.000001    , 49.999889    
10.000000    , 22.000000    , 0.001502     , 0.022027     , -2.705483    , 0.000000     , 0.000136     , -2.705486    , 0.000000     , 0.000000     , 0.000000     , 0.087092     , 0.000000     , -4500.000000 , -4500.000000 , -4500.000000 , 100.000000   , -0.001502    , -0.002203    , -0.000751    , 4.999986     , 0.000000     , -0.001502    , -0.000001    , 49.999863    
10.000000    , 22.000000    , 0.001501     , 0.022024     , -2.705482    , 0.000000     , 0.000164     , -2.705486    , 0.000000     , 0.000000     , 0.000000     , 0.087092     , 0.000000     , -4500.000000 , -4500.000000 , -4500.000000 , 100.000000   , -0.001501    , -0.002202    , -0.000750    , 4.999984     , 0.000000     , -0.001501    , -0.000001    , 49.999836    
10.000000    , 22.000000    , 0.001500     , 0.022022     , -2.705480    , 0.000000     , 0.000194     , -2.705486    , 0.000000     , 0.000000     , 0.000000     , 0.087092     , 0.000000     , -4500.000000 , -4500.000000 , -4500.000000 , 100.000000   , -0.001500    , -0.002202    , -0.000750    , 4.999980     , 0.000000     , -0.001500    , -0.000001    , 49.999805    
10.000000    , 22.000000    , 0.001500     , 0.022021     , -2.705479    , 0.000000     , 0.000182     , -2.705480    , 0.000000     , 0.000000     , 0.000000     , 0.087092     , 0.000000     , -4500.000000 , -4500.000000 , -4500.000000 , 100.000000   , -0.001500    , -0.002202    , -0.000750    , 4.999982     , 0.000000     , -0.001500    , -0.000001    , 49.999817    
10.000000    , 22.000000    , 0.001500     , 0.022021     , -2.705477    , 0.000000     , 0.000166     , -2.705480    , 0.000000     , 0.000000     , 0.000000     , 0.087092     , 0.000000     , -4500.000000 , -4500.000000 , -4500.000000 , 100.000000   , -0.001500    , -0.002202    , -0.000750    , 4.999983     , 0.000000     , -0.001500    , -0.000001    , 49.999832    
10.000000    , 22.000000    , 0.001500     , 0.022020     , -2.705475    , 0.000000     , 0.000147     , -2.705480    , 0.000000     , 0.000000     , 0.000000     , 0.087092     , 0.000000     , -4500.000000 , -4500.000000 , -4500.000000 , 100.000000   , -0.001500    , -0.002202    , -0.000750    , 4.999985     , 0.000000     , -0.001500    , -0.000001    , 49.999851    
10.000000    , 22.000000    , 0.001500     , 0.022019     , -2.705473    , 0.000000     , 0.000099     , -2.705480    , 0.000000     , 0.000000     , 0.000000     , 0.087092     , 0.000000     , -4500.000000 , -4500.000000 , -4500.000000 , 100.000000   , -0.001500    , -0.002202    , -0.000750    , 4.999990     , 0.000000     , -0.001500    , -0.000001    , 49.999901    
10.000000    , 22.000000    , 0.001499     , 0.022019     , -2.705472    , 0.000000     , 0.000086     , -2.705480    , 0.000000     , 0.000000     , 0.000000     , 0.087092     , 0.000000     , -4500.000000 , -4500.000000 , -4500.000000 , 100.000000   , -0.001499    , -0.002202    , -0.000750    , 4.999991     , 0.000000     , -0.001499    , -0.000001    , 49.999912    
10.000000    , 22.000000    , 0.001499     , 0.022017     , -2.705470    , 0.000000     , 0.000103     , -2.705472    , 0.000000     , 0.000000     , 0.000000     , 0.087092     , 0.000000     , -4500.000000 , -4500.000000 , -4500.000000 , 100.000000   , -0.001499    , -0.002202    , -0.000749    , 4.999990     , 0.000000     , -0.001499    , -0.000001    , 49.999897    
10.000000    , 22.000000    , 0.001497     , 0.022012     , -2.705467    , 0.000000     , 0.000135     , -2.705472    , 0.000000     , 0.000000     , 0.000000     , 0.087092     , 0.000000     , -4500.000000 , -4500.000000 , -4500.000000 , 100.000000   , -0.001497    , -0.002201    , -0.000749    , 4.999987     , 0.000000     , -0.001497    , -0.000001    , 49.999866    
10.000000    , 22.000000    , 0.001497     , 0.022010     , -2.705464    , 0.000000     , 0.000148     , -2.705472    , 0.000000     , 0.000000     , 0.000000     , 0.087092     , 0.000000     , -4500.000000 , -4500.000000 , -4500.000000 , 100.000000   , -0.001497    , -0.002201    , -0.000748    , 4.999985     , 0.000000     , -0.001497    , -0.000001    , 49.999851    
10.000000    , 22.000000    , 0.001496     , 0.022007     , -2.705462    , 0.000000     , 0.000161     , -2.705472    , 0.000000     , 0.000000     , 0.000000     , 0.087092     , 0.000000     , -4500.000000 , -4500.000000 , -4500.000000 , 100.000000   , -0.001496    , -0.002201    , -0.000748    , 4.999984     , 0.000000     , -0.001496    , -0.000001    , 49.999840    
10.000000    , 22.000000    , 0.001495     , 0.022004     , -2.705461    , 0.000000     , 0.000173     , -2.705472    , 0.000000     , 0.000000     , 0.000000     , 0.087092     , 0.000000     , -4500.000000 , -4500.000000 , -4500.000000 , 100.000000   , -0.001495    , -0.002201    , -0.000748    , 4.999983     , 0.000000     , -0.001495    , -0.000001    , 49.999828    
10.000000    , 22.000000    , 0.001495     , 0.022001     , -2.705457    , 0.000000     , 0.000187     , -2.705461    , 0.000000     , 0.000000     , 0.000000     , 0.087092     , 0.000000     , -4500.000000 , -4500.000000 , -4500.000000 , 100.000000   , -0.001495    , -0.002200    , -0.000748    , 4.999981     , 0.000000     , -0.001495    , -0.000001    , 49.999813    
10.000000    , 22.000000    , 0.001495     , 0.022000     , -2.705455    , 0.000000     , 0.000169     , -2.705461    , 0.000000     , 0.000000     , 0.000000     , 0.087092     , 0.000000     , -4500.000000 , -4500.000000 , -4500.000000 , 100.000000   , -0.001495    , -0.002200    , -0.000748    , 4.999983     , 0.000000     , -0.001495    , -0.000001    , 49.999832    
10.000000    , 22.000000    , 0.001495     , 0.022000     , -2.705455    , 0.000000     , 0.000169     , -2.705461    , 0.000000     , 0.000000     , 0.000000     , 0.087092     , 0.000000     , -4500.000000 , -4500.000000 , -4500.000000 , 100.000000   , -0.001495    , -0.002200    , -0.000748    , 4.999983     , 0.000000     , -0.001495    , -0.000001    , 49.999832    
10.000000    , 22.000000    , 0.001495     , 0.021999     , -2.705452    , 0.000000     , 0.000126     , -2.705461    , 0.000000     , 0.000000     , 0.000000     , 0.087092     , 0.000000     , -4500.000000 , -4500.000000 , -4500.000000 , 100.000000   , -0.001495    , -0.002200    , -0.000747    , 4.999988     , 0.000000     , -0.001495    , -0.000001    , 49.999874    
10.000000    , 22.000000    , 0.001495     , 0.021998     , -2.705451    , 0.000000     , 0.000104     , -2.705461    , 0.000000     , 0.000000     , 0.000000     , 0.087092     , 0.000000     , -4500.000000 , -4500.000000 , -4500.000000 , 100.000000   , -0.001495    , -0.002200    , -0.000747    , 4.999990     , 0.000000     , -0.001495    , -0.000001    , 49.999897    
10.000000    , 22.000000    , 0.001495     , 0.021998     , -2.705450    , 0.000000     , 0.000087     , -2.705451    , 0.000000     , 0.000000     , 0.000000     , 0.087092     , 0.000000     , -4500.000000 , -4500.000000 , -4500.000000 , 100.000000   , -0.001495    , -0.002200    , -0.000747    , 4.999991     , 0.000000     , -0.001495    , -0.000001    , 49.999912    
10.000000    , 22.000000    , 0.001495     , 0.021997     , -2.705448    , 0.000000     , 0.000067     , -2.705451    , 0.000000     , 0.000000     , 0.000000     , 0.087092     , 0.000000     , -4500.000000 , -4500.000000 , -4500.000000 , 100.000000   , -0.001495    , -0.002200    , -0.000747    , 4.999994     , 0.000000     , -0.001495    , -0.000001    , 49.999935    
10.000000    , 22.000000    , 0.001495     , 0.021996     , -2.705448    , 0.000000     , 0.000061     , -2.705451    , 0.000000     , 0.000000     , 0.000000     , 0.087092     , 0.000000     , -4500.000000 , -4500.000000 , -4500.000000 , 100.000000   , -0.001495    , -0.002200    , -0.000747    , 4.999994     , 0.000000     , -0.001495    , -0.000001    , 49.999939    
10.000000    , 22.000000    , 0.001495     , 0.021996     , -2.705447    , 0.000000     , 0.000059     , -2.705451    , 0.000000     , 0.000000     , 0.000000     , 0.087092     , 0.000000     , -4500.000000 , -4500.000000 , -4500.000000 , 100.000000   , -0.001495    , -0.002200    , -0.000748    , 4.999994     , 0.000000     , -0.001495    , -0.000001    , 49.999943    
10.000000    , 22.000000    , 0.001495     , 0.021995     , -2.705447    , 0.000000     , 0.000063     , -2.705451    , 0.000000     , 0.000000     , 0.000000     , 0.087092     , 0.000000     , -4500.000000 , -4500.000000 , -4500.000000 , 100.000000   , -0.001495    , -0.002200    , -0.000748    , 4.999994     , 0.000000     , -0.001495    , -0.000001    , 49.999935    
10.000000    , 22.000000    , 0.001496     , 0.021995     , -2.705447    , 0.000000     , 0.000064     , -2.705447    , 0.000000     , 0.000000     , 0.000000     , 0.087092     , 0.000000     , -4500.000000 , -4500.000000 , -4500.000000 , 100.000000   , -0.001496    , -0.002200    , -0.000748    , 4.999994     , 0.000000     , -0.001496    , -0.000001    , 49.999935    
10.000000    , 22.000000    , 0.001496     , 0.021995     , -2.705448    , 0.000000     , 0.000064     , -2.705447    , 0.000000     , 0.000000     , 0.000000     , 0.087092     , 0.000000     , -4500.000000 , -4500.000000 , -4500.000000 , 100.000000   , -0.001496    , -0.002200    , -0.000748    , 4.999994     , 0.000000     , -0.001496    , -0.000001    , 49.999935    
10.000000    , 22.000000    , 0.001497     , 0.021995     , -2.705449    , 0.000000     , 0.000057     , -2.705447    , 0.000000     , 0.000000     , 0.000000     , 0.087092     , 0.000000     , -4500.000000 , -4500.000000 , -4500.000000 , 100.000000   , -0.001497    , -0.002200    , -0.000748    , 4.999994     , 0.000000     , -0.001497    , -0.000001    , 49.999943    
10.000000    , 22.000000    , 0.001497     , 0.021995     , -2.705450    , 0.000000     , 0.000054     , -2.705447    , 0.000000     , 0.000000     , 0.000000     , 0.087092     , 0.000000     , -4500.000000 , -4500.000000 , -4500.000000 , 100.000000   , -0.001497    , -0.002200    , -0.000748    , 4.999995     , 0.000000     , -0.001497    , -0.000001    , 49.999947    
10.000000    , 22.000000    , 0.001497     , 0.021995     , -2.705451    , 0.000000     , 0.000051     , -2.705447    , 0.000000     , 0.000000     , 0.000000     , 0.087092     , 0.000000     , -4500.000000 , -4500.000000 , -4500.000000 , 100.000000   , -0.001497    , -0.002200    , -0.000749    , 4.999995     , 0.000000     , -0.001497    , -0.000001    , 49.999950    
10.000000    , 22.000000    , 0.001498     , 0.021997     , -2.705453    , 0.000000     , 0.000048     , -2.705451    , 0.000000     , 0.000000     , 0.000000     , 0.087092     , 0.000000     , -4500.000000 , -4500.000000 , -4500.000000 , 100.000000   , -0.001498    , -0.002200    , -0.000749    , 4.999995     , 0.000000     , -0.001498    , -0.000001    , 49.999950    
10.000000    , 22.000000    , 0.001498     , 0.021997     , -2.705454    , 0.000000     , 0.000041     , -2.705451    , 0.000000     , 0.000000     , 0.000000     , 0.087092     , 0.000000     , -4500.000000 , -4500.000000 , -4500.000000 , 100.000000   , -0.001498    , -0.002200    , -0.000749    , 4.999996     , 0.000000     , -0.001498    , -0.000001    , 49.999958    
10.000000    , 22.000000    , 0.001498     , 0.021998     , -2.705455    , 0.000000     , 0.000040     , -2.705451    , 0.000000     , 0.000000     , 0.000000     , 0.087092     , 0.000000     , -4500.000000 , -4500.000000 , -4500.000000 , 100.000000   , -0.001498    , -0.002200    , -0.000749    , 4.999996     , 0.000000     , -0.001498    , -0.000001    , 49.999962    
10.000000    , 22.000000    , 0.001498     , 0.021998     , -2.705456    , 0.000000     , 0.000038     , -2.705451    , 0.000000     , 0.000000     , 0.000000     , 0.087092     , 0.000000     , -4500.000000 , -4500.000000 , -4500.000000 , 100.000000   , -0.001498    , -0.002200    , -0.000749    , 4.999996     , 0.000000     , -0.001498    , -0.000001    , 49.999962    
10.000000    , 22.000000    , 0.001499     , 0.021999     , -2.705456    , 0.000000     , 0.000037     , -2.705451    , 0.000000     , 0.000000     , 0.000000     , 0.087092     , 0.000000     , -4500.000000 , -4500.000000 , -4500.000000 , 100.000000   , -0.001499    , -0.002200    , -0.000749    , 4.999996     , 0.000000     , -0.001499    , -0.000001    , 49.999962    
10.000000    , 22.000000    , 0.001499     , 0.022000     , -2.705457    , 0.000000     , 0.000036     , -2.705456    , 0.000000     , 0.000000     , 0.000000     , 0.087092     , 0.000000     , -4500.000000 , -4500.000000 , -4500.000000 , 100.000000   , -0.001499    , -0.002200    , -0.000749    , 4.999997     , 0.000000     , -0.001499    , -0.000001    , 49.999966    
10.000000    , 22.000000    , 0.001499     , 0.022000     , -2.705459    , 0.000000     , 0.000039     , -2.705456    , 0.000000     , 0.000000     , 0.000000     , 0.087092     , 0.000000     , -4500.000000 , -4500.000000 , -4500.000000 , 100.000000   , -0.001499    , -0.002200    , -0.000750    , 4.999996     , 0.000000     , -0.001499    , -0.000001    , 49.999962    
10.000000    , 22.000000    , 0.001499     , 0.022001     , -2.705460    , 0.000000     , 0.000036     , -2.705456    , 0.000000     , 0.000000     , 0.000000     , 0.087092     , 0.000000     , -4500.000000 , -4500.000000 , -4500.000000 , 100.000000   , -0.001499    , -0.002200    , -0.000750    , 4.999997     , 0.000000     , -0.001499    , -0.000001    , 49.999966    
10.000000    , 22.000000    , 0.001500     , 0.022002     , -2.705461    , 0.000000     , 0.000041     , -2.705456    , 0.000000     , 0.000000     , 0.000000     , 0.087092     , 0.000000     , -4500.000000 , -4500.000000 , -4500.000000 , 100.000000   , -0.001500    , -0.002200    , -0.000750    , 4.999996     , 0.000000     , -0.001500    , -0.000001    , 49.999958    
10.000000    , 22.000000    , 0.001500     , 0.022002     , -2.705462    , 0.000000     , 0.000052     , -2.705456    , 0.000000     , 0.000000     , 0.000000     , 0.087092     , 0.000000     , -4500.000000 , -4500.000000 , -4500.000000 , 100.000000   , -0.001500    , -0.002200    , -0.000750    , 4.999995     , 0.000000     , -0.001500    , -0.000001    , 49.999947    
10.000000    , 22.000000    , 0.001499     , 0.022002     , -2.705462    , 0.000000     , 0.000055     , -2.705462    , 0.000000     , 0.000000     , 0.000000     , 0.087092     , 0.000000     , -4500.000000 , -4500.000000 , -4500.000000 , 100.000000   , -0.001499    , -0.002200    , -0.000750    , 4.999995     , 0.000000     , -0.001499    , -0.000001    , 49.999947    
10.000000    , 22.000000    , 0.001499     , 0.022002     , -2.705463    , 0.000000     , 0.000054     , -2.705462    , 0.000000     , 0.000000     , 0.000000     , 0.087092     , 0.000000     , -4500.000000 , -4500.000000 , -4500.000000 , 100.000000   , -0.001499    , -0.002200    , -0.000750    , 4.999995     , 0.000000     , -0.001499    , -0.000001    , 49.999947    
10.000000    , 22.000000    , 0.001499     , 0.022001     , -2.705464    , 0.000000     , 0.000045     , -2.705462    , 0.000000     , 0.000000     , 0.000000     , 0.087092     , 0.000000     , -4500.000000 , -4500.000000 , -4500.000000 , 100.000000   , -0.001499    , -0.002200    , -0.000750    , 4.999996     , 0.000000     , -0.001499    , -0.000001    , 49.999954    